EqName	SwordShieldWFreeStand	ShieldSwordWFreeStand	FreeStand1	FreeStand2	FreeStand3	MeleeWStand	RangeWStand	DoubleWStand	SwordShieldWStand	ShieldSwordWStand	GuqinWStand1	GuqinWStand2	FreeWalk	NormalWalk	MeleeWWalk	RangeWWalk	DoubleWWalk	SwordShieldWWalk	ShieldSwordWWalk	GuqinWWalk	FreeRun	NormalRun	MeleeWRun	RangeWRun	DoubleWRun	SwordShieldWRun	ShieldSwordWRun	GuqinWRun	FreeWound	MeleeWWound	RangeWWound	DoubleWWound	SwordShieldWWound	ShieldSwordWWound	GuqinWWound	FreeDie	MeleeWDie	RangeWDie	DoubleWDie	SwordShieldWDie	ShieldSwordWDie	GuqinWDie	FreeAttack	MeleeWPuncture	MeleeWCut	RangeWPuncture	RangeWCut	DoubleWPull	DoubleWPound	SwordShieldWChop	SwordShieldWCut	ShieldSwordWChop	ShieldSwordWCut	GuqinWPuncture	GuqinWCut	DartThrow	FreeMagic	MeleeWMagic	RangeWMagic	DoubleWMagic	SwordShieldWMagic	ShieldSwordWMagic	GuqinWMagic	SitDown	Jump	RideStand	RideWalk	RideRun	RideCut	RidePuncture	RideMagic	RideWound	RideDie	RideStand1	RideStand2
Tay Kh«ng			120,8,1	120,8,1	88,8,1				120,8,1	120,8,1			120,8,1	120,8,1				248,8,1	248,8,1		88,8,1	88,8,1				96,8,1	96,8,1		72,8,1				104,8,1	104,8,1		96,8,1				104,8,1	104,8,1		144,8,1							232,8,1	192,8,1	232,8,1	192,8,1			128,8,1	96,8,1				176,8,1	176,8,1		72,8,1	160,8,1	112,8,1	96,8,1	80,8,1	96,8,1	112,8,1	96,8,1	48,8,1	112,8,1	112,8,1	112,8,1
§¬n KiÕm 1			120,8,1	120,8,1	88,8,1	88,8,1							120,8,1	120,8,1	120,8,1						88,8,1	88,8,1	88,8,1						72,8,1	64,8,1						96,8,1	88,8,1						144,8,1	128,8,1	112,8,1												96,8,1	96,8,1						72,8,1	160,8,1	112,8,1	96,8,1	80,8,1	96,8,1	112,8,1	96,8,1	48,8,1	112,8,1	112,8,1	112,8,1
§¬n KiÕm 2			120,8,1	120,8,1	88,8,1	88,8,1							120,8,1	120,8,1	120,8,1						88,8,1	88,8,1	88,8,1						72,8,1	64,8,1						96,8,1	88,8,1						144,8,1	128,8,1	112,8,1												96,8,1	96,8,1						72,8,1	160,8,1	112,8,1	96,8,1	80,8,1	96,8,1	112,8,1	96,8,1	48,8,1	112,8,1	112,8,1	112,8,1
§¬n KiÕm 3			120,8,1	120,8,1	88,8,1	88,8,1							120,8,1	120,8,1	120,8,1						88,8,1	88,8,1	88,8,1						72,8,1	64,8,1						96,8,1	88,8,1						144,8,1	128,8,1	112,8,1												96,8,1	96,8,1						72,8,1	160,8,1	112,8,1	96,8,1	80,8,1	96,8,1	112,8,1	96,8,1	48,8,1	112,8,1	112,8,1	112,8,1
§¬n §ao 1			120,8,1	120,8,1	88,8,1	88,8,1							120,8,1	120,8,1	120,8,1						88,8,1	88,8,1	88,8,1						72,8,1	64,8,1						96,8,1	88,8,1						144,8,1	128,8,1	112,8,1												96,8,1	96,8,1						72,8,1	160,8,1	112,8,1	96,8,1	80,8,1	96,8,1	112,8,1	96,8,1	48,8,1	112,8,1	112,8,1	112,8,1
§¬n §ao 2			120,8,1	120,8,1	88,8,1	88,8,1							120,8,1	120,8,1	120,8,1						88,8,1	88,8,1	88,8,1						72,8,1	64,8,1						96,8,1	88,8,1						144,8,1	128,8,1	112,8,1												96,8,1	96,8,1						72,8,1	160,8,1	112,8,1	96,8,1	80,8,1	96,8,1	112,8,1	96,8,1	48,8,1	112,8,1	112,8,1	112,8,1
§¬n §ao 3			120,8,1	120,8,1	88,8,1	88,8,1							120,8,1	120,8,1	120,8,1						88,8,1	88,8,1	88,8,1						72,8,1	64,8,1						96,8,1	88,8,1						144,8,1	128,8,1	112,8,1												96,8,1	96,8,1						72,8,1	160,8,1	112,8,1	96,8,1	80,8,1	96,8,1	112,8,1	96,8,1	48,8,1	112,8,1	112,8,1	112,8,1
Tr­êng Th­¬ng 1			120,8,1	120,8,1	88,8,1		88,8,1						120,8,1	120,8,1		120,8,1					88,8,1	88,8,1		88,8,1					72,8,1		56,8,1					96,8,1		120,8,1					144,8,1			96,8,1	96,8,1										96,8,1		104,8,1					72,8,1	160,8,1	112,8,1	96,8,1	80,8,1	96,8,1	112,8,1	96,8,1	48,8,1	112,8,1	112,8,1	112,8,1
Tr­êng Th­¬ng 2			120,8,1	120,8,1	88,8,1		88,8,1						120,8,1	120,8,1		120,8,1					88,8,1	88,8,1		88,8,1					72,8,1		56,8,1					96,8,1		120,8,1					144,8,1			96,8,1	96,8,1										96,8,1		104,8,1					72,8,1	160,8,1	112,8,1	96,8,1	80,8,1	96,8,1	112,8,1	96,8,1	48,8,1	112,8,1	112,8,1	112,8,1
Tr­êng Th­¬ng 3			120,8,1	120,8,1	88,8,1		88,8,1						120,8,1	120,8,1		120,8,1					88,8,1	88,8,1		88,8,1					72,8,1		56,8,1					96,8,1		120,8,1					144,8,1			96,8,1	96,8,1										96,8,1		104,8,1					72,8,1	160,8,1	112,8,1	96,8,1	80,8,1	96,8,1	112,8,1	96,8,1	48,8,1	112,8,1	112,8,1	112,8,1
Tr­êng C«n 1			120,8,1	120,8,1	88,8,1		88,8,1						120,8,1	120,8,1		120,8,1					88,8,1	88,8,1		88,8,1					72,8,1		56,8,1					96,8,1		120,8,1					144,8,1			96,8,1	96,8,1										96,8,1		104,8,1					72,8,1	160,8,1	112,8,1	96,8,1	80,8,1	96,8,1	112,8,1	96,8,1	48,8,1	112,8,1	112,8,1	112,8,1
Tr­êng C«n 2			120,8,1	120,8,1	88,8,1		88,8,1						120,8,1	120,8,1		120,8,1					88,8,1	88,8,1		88,8,1					72,8,1		56,8,1					96,8,1		120,8,1					144,8,1			96,8,1	96,8,1										96,8,1		104,8,1					72,8,1	160,8,1	112,8,1	96,8,1	80,8,1	96,8,1	112,8,1	96,8,1	48,8,1	112,8,1	112,8,1	112,8,1
Tr­êng C«n 3			120,8,1	120,8,1	88,8,1		88,8,1						120,8,1	120,8,1		120,8,1					88,8,1	88,8,1		88,8,1					72,8,1		56,8,1					96,8,1		120,8,1					144,8,1			96,8,1	96,8,1										96,8,1		104,8,1					72,8,1	160,8,1	112,8,1	96,8,1	80,8,1	96,8,1	112,8,1	96,8,1	48,8,1	112,8,1	112,8,1	112,8,1
Song KiÕm 1			120,8,1	120,8,1	88,8,1			88,8,1					120,8,1	120,8,1			120,8,1				88,8,1	88,8,1			88,8,1				72,8,1			96,8,1				96,8,1			144,8,1				144,8,1					128,8,1	96,8,1								96,8,1			128,8,1				72,8,1	160,8,1	112,8,1	96,8,1	80,8,1	96,8,1	112,8,1	96,8,1	48,8,1	112,8,1	112,8,1	112,8,1
Song KiÕm 2			120,8,1	120,8,1	88,8,1			88,8,1					120,8,1	120,8,1			120,8,1				88,8,1	88,8,1			88,8,1				72,8,1			96,8,1				96,8,1			144,8,1				144,8,1					128,8,1	96,8,1								96,8,1			128,8,1				72,8,1	160,8,1	112,8,1	96,8,1	80,8,1	96,8,1	112,8,1	96,8,1	48,8,1	112,8,1	112,8,1	112,8,1
Song KiÕm 3			120,8,1	120,8,1	88,8,1			88,8,1					120,8,1	120,8,1			120,8,1				88,8,1	88,8,1			88,8,1				72,8,1			96,8,1				96,8,1			144,8,1				144,8,1					128,8,1	96,8,1								96,8,1			128,8,1				72,8,1	160,8,1	112,8,1	96,8,1	80,8,1	96,8,1	112,8,1	96,8,1	48,8,1	112,8,1	112,8,1	112,8,1
Song Chïy 1			120,8,1	120,8,1	88,8,1			88,8,1					120,8,1	120,8,1			120,8,1				88,8,1	88,8,1			88,8,1				72,8,1			96,8,1				96,8,1			144,8,1				144,8,1					128,8,1	96,8,1								96,8,1			128,8,1				72,8,1	160,8,1	112,8,1	96,8,1	80,8,1	96,8,1	112,8,1	96,8,1	48,8,1	112,8,1	112,8,1	112,8,1
Song Chïy 2			120,8,1	120,8,1	88,8,1			88,8,1					120,8,1	120,8,1			120,8,1				88,8,1	88,8,1			88,8,1				72,8,1			96,8,1				96,8,1			144,8,1				144,8,1					128,8,1	96,8,1								96,8,1			128,8,1				72,8,1	160,8,1	112,8,1	96,8,1	80,8,1	96,8,1	112,8,1	96,8,1	48,8,1	112,8,1	112,8,1	112,8,1
Song Chïy 3			120,8,1	120,8,1	88,8,1			88,8,1					120,8,1	120,8,1			120,8,1				88,8,1	88,8,1			88,8,1				72,8,1			96,8,1				96,8,1			144,8,1				144,8,1					128,8,1	96,8,1								96,8,1			128,8,1				72,8,1	160,8,1	112,8,1	96,8,1	80,8,1	96,8,1	112,8,1	96,8,1	48,8,1	112,8,1	112,8,1	112,8,1
¸m KhÝ			120,8,1	120,8,1	88,8,1								120,8,1	120,8,1							88,8,1	88,8,1							72,8,1							96,8,1							144,8,1													128,8,1	96,8,1							72,8,1	160,8,1	112,8,1	96,8,1	80,8,1	96,8,1	112,8,1	96,8,1	48,8,1	112,8,1	112,8,1	112,8,1
§¬n KiÕm 4			120,8,1	120,8,1	88,8,1	88,8,1							120,8,1	120,8,1	120,8,1						88,8,1	88,8,1	88,8,1						72,8,1	64,8,1						96,8,1	88,8,1						144,8,1	128,8,1	112,8,1												96,8,1	96,8,1						72,8,1	160,8,1	112,8,1	96,8,1	80,8,1	96,8,1	112,8,1	96,8,1	48,8,1	112,8,1	112,8,1	112,8,1
§¬n KiÕm 5			120,8,1	120,8,1	88,8,1	88,8,1							120,8,1	120,8,1	120,8,1						88,8,1	88,8,1	88,8,1						72,8,1	64,8,1						96,8,1	88,8,1						144,8,1	128,8,1	112,8,1												96,8,1	96,8,1						72,8,1	160,8,1	112,8,1	96,8,1	80,8,1	96,8,1	112,8,1	96,8,1	48,8,1	112,8,1	112,8,1	112,8,1
§¬n §ao 4			120,8,1	120,8,1	88,8,1	88,8,1							120,8,1	120,8,1	120,8,1						88,8,1	88,8,1	88,8,1						72,8,1	64,8,1						96,8,1	88,8,1						144,8,1	128,8,1	112,8,1												96,8,1	96,8,1						72,8,1	160,8,1	112,8,1	96,8,1	80,8,1	96,8,1	112,8,1	96,8,1	48,8,1	112,8,1	112,8,1	112,8,1
§¬n §ao 5			120,8,1	120,8,1	88,8,1	88,8,1							120,8,1	120,8,1	120,8,1						88,8,1	88,8,1	88,8,1						72,8,1	64,8,1						96,8,1	88,8,1						144,8,1	128,8,1	112,8,1												96,8,1	96,8,1						72,8,1	160,8,1	112,8,1	96,8,1	80,8,1	96,8,1	112,8,1	96,8,1	48,8,1	112,8,1	112,8,1	112,8,1
Tr­êng Th­¬ng 4			120,8,1	120,8,1	88,8,1		88,8,1						120,8,1	120,8,1		120,8,1					88,8,1	88,8,1		88,8,1					72,8,1		56,8,1					96,8,1		120,8,1					144,8,1			96,8,1	96,8,1										96,8,1		104,8,1					72,8,1	160,8,1	112,8,1	96,8,1	80,8,1	96,8,1	112,8,1	96,8,1	48,8,1	112,8,1	112,8,1	112,8,1
Tr­êng Th­¬ng 5			120,8,1	120,8,1	88,8,1		88,8,1						120,8,1	120,8,1		120,8,1					88,8,1	88,8,1		88,8,1					72,8,1		56,8,1					96,8,1		120,8,1					144,8,1			96,8,1	96,8,1										96,8,1		104,8,1					72,8,1	160,8,1	112,8,1	96,8,1	80,8,1	96,8,1	112,8,1	96,8,1	48,8,1	112,8,1	112,8,1	112,8,1
Tr­êng C«n 4			120,8,1	120,8,1	88,8,1		88,8,1						120,8,1	120,8,1		120,8,1					88,8,1	88,8,1		88,8,1					72,8,1		56,8,1					96,8,1		120,8,1					144,8,1			96,8,1	96,8,1										96,8,1		104,8,1					72,8,1	160,8,1	112,8,1	96,8,1	80,8,1	96,8,1	112,8,1	96,8,1	48,8,1	112,8,1	112,8,1	112,8,1
Tr­êng C«n 5			120,8,1	120,8,1	88,8,1		88,8,1						120,8,1	120,8,1		120,8,1					88,8,1	88,8,1		88,8,1					72,8,1		56,8,1					96,8,1		120,8,1					144,8,1			96,8,1	96,8,1										96,8,1		104,8,1					72,8,1	160,8,1	112,8,1	96,8,1	80,8,1	96,8,1	112,8,1	96,8,1	48,8,1	112,8,1	112,8,1	112,8,1
Song KiÕm 4			120,8,1	120,8,1	88,8,1			88,8,1					120,8,1	120,8,1			120,8,1				88,8,1	88,8,1			88,8,1				72,8,1			96,8,1				96,8,1			144,8,1				144,8,1					128,8,1	96,8,1								96,8,1			128,8,1				72,8,1	160,8,1	112,8,1	96,8,1	80,8,1	96,8,1	112,8,1	96,8,1	48,8,1	112,8,1	112,8,1	112,8,1
Song KiÕm 5			120,8,1	120,8,1	88,8,1			88,8,1					120,8,1	120,8,1			120,8,1				88,8,1	88,8,1			88,8,1				72,8,1			96,8,1				96,8,1			144,8,1				144,8,1					128,8,1	96,8,1								96,8,1			128,8,1				72,8,1	160,8,1	112,8,1	96,8,1	80,8,1	96,8,1	112,8,1	96,8,1	48,8,1	112,8,1	112,8,1	112,8,1
Song Chïy 4			120,8,1	120,8,1	88,8,1			88,8,1					120,8,1	120,8,1			120,8,1				88,8,1	88,8,1			88,8,1				72,8,1			96,8,1				96,8,1			144,8,1				144,8,1					128,8,1	96,8,1								96,8,1			128,8,1				72,8,1	160,8,1	112,8,1	96,8,1	80,8,1	96,8,1	112,8,1	96,8,1	48,8,1	112,8,1	112,8,1	112,8,1
Song Chïy 5			120,8,1	120,8,1	88,8,1			88,8,1					120,8,1	120,8,1			120,8,1				88,8,1	88,8,1			88,8,1				72,8,1			96,8,1				96,8,1			144,8,1				144,8,1					128,8,1	96,8,1								96,8,1			128,8,1				72,8,1	160,8,1	112,8,1	96,8,1	80,8,1	96,8,1	112,8,1	96,8,1	48,8,1	112,8,1	112,8,1	112,8,1
§¬n §ao 6 ( Kim )			120,8,1	120,8,1	88,8,1	88,8,1							120,8,1	120,8,1	120,8,1						88,8,1	88,8,1	88,8,1						72,8,1	64,8,1						96,8,1	88,8,1						144,8,1	128,8,1	112,8,1												96,8,1	96,8,1						72,8,1	160,8,1	112,8,1	96,8,1	80,8,1	96,8,1	112,8,1	96,8,1	48,8,1	112,8,1	112,8,1	112,8,1
§¬n §ao 7 ( Thñy )			120,8,1	120,8,1	88,8,1	88,8,1							120,8,1	120,8,1	120,8,1						88,8,1	88,8,1	88,8,1						72,8,1	64,8,1						96,8,1	88,8,1						144,8,1	128,8,1	112,8,1												96,8,1	96,8,1						72,8,1	160,8,1	112,8,1	96,8,1	80,8,1	96,8,1	112,8,1	96,8,1	48,8,1	112,8,1	112,8,1	112,8,1
§¬n §ao 8 ( Méc )			120,8,1	120,8,1	88,8,1	88,8,1							120,8,1	120,8,1	120,8,1						88,8,1	88,8,1	88,8,1						72,8,1	64,8,1						96,8,1	88,8,1						144,8,1	128,8,1	112,8,1												96,8,1	96,8,1						72,8,1	160,8,1	112,8,1	96,8,1	80,8,1	96,8,1	112,8,1	96,8,1	48,8,1	112,8,1	112,8,1	112,8,1
§¬n §ao 9 ( Thæ )			120,8,1	120,8,1	88,8,1	88,8,1							120,8,1	120,8,1	120,8,1						88,8,1	88,8,1	88,8,1						72,8,1	64,8,1						96,8,1	88,8,1						144,8,1	128,8,1	112,8,1												96,8,1	96,8,1						72,8,1	160,8,1	112,8,1	96,8,1	80,8,1	96,8,1	112,8,1	96,8,1	48,8,1	112,8,1	112,8,1	112,8,1
§¬n KiÕm 6 ( Thñy )			120,8,1	120,8,1	88,8,1	88,8,1							120,8,1	120,8,1	120,8,1						88,8,1	88,8,1	88,8,1						72,8,1	64,8,1						96,8,1	88,8,1						144,8,1	128,8,1	112,8,1												96,8,1	96,8,1						72,8,1	160,8,1	112,8,1	96,8,1	80,8,1	96,8,1	112,8,1	96,8,1	48,8,1	112,8,1	112,8,1	112,8,1
§¬n KiÕm 7 ( Thæ )			120,8,1	120,8,1	88,8,1	88,8,1							120,8,1	120,8,1	120,8,1						88,8,1	88,8,1	88,8,1						72,8,1	64,8,1						96,8,1	88,8,1						144,8,1	128,8,1	112,8,1												96,8,1	96,8,1						72,8,1	160,8,1	112,8,1	96,8,1	80,8,1	96,8,1	112,8,1	96,8,1	48,8,1	112,8,1	112,8,1	112,8,1
Tr­êng Th­¬ng 6 ( Kim )			120,8,1	120,8,1	88,8,1		88,8,1						120,8,1	120,8,1		120,8,1					88,8,1	88,8,1		88,8,1					72,8,1		56,8,1					96,8,1		120,8,1					144,8,1			96,8,1	96,8,1										96,8,1		104,8,1					72,8,1	160,8,1	112,8,1	96,8,1	80,8,1	96,8,1	112,8,1	96,8,1	48,8,1	112,8,1	112,8,1	112,8,1
Tr­êng Th­¬ng 7 ( Háa )			120,8,1	120,8,1	88,8,1		88,8,1						120,8,1	120,8,1		120,8,1					88,8,1	88,8,1		88,8,1					72,8,1		56,8,1					96,8,1		120,8,1					144,8,1			96,8,1	96,8,1										96,8,1		104,8,1					72,8,1	160,8,1	112,8,1	96,8,1	80,8,1	96,8,1	112,8,1	96,8,1	48,8,1	112,8,1	112,8,1	112,8,1
Tr­êng C«n 6 ( Kim )			120,8,1	120,8,1	88,8,1		88,8,1						120,8,1	120,8,1		120,8,1					88,8,1	88,8,1		88,8,1					72,8,1		56,8,1					96,8,1		120,8,1					144,8,1			96,8,1	96,8,1										96,8,1		104,8,1					72,8,1	160,8,1	112,8,1	96,8,1	80,8,1	96,8,1	112,8,1	96,8,1	48,8,1	112,8,1	112,8,1	112,8,1
Tr­êng C«n 7 ( Háa )			120,8,1	120,8,1	88,8,1		88,8,1						120,8,1	120,8,1		120,8,1					88,8,1	88,8,1		88,8,1					72,8,1		56,8,1					96,8,1		120,8,1					144,8,1			96,8,1	96,8,1										96,8,1		104,8,1					72,8,1	160,8,1	112,8,1	96,8,1	80,8,1	96,8,1	112,8,1	96,8,1	48,8,1	112,8,1	112,8,1	112,8,1
Song KiÕm 6 ( Thñy )			120,8,1	120,8,1	88,8,1			88,8,1					120,8,1	120,8,1			120,8,1				88,8,1	88,8,1			88,8,1				72,8,1			96,8,1				96,8,1			144,8,1				144,8,1					128,8,1	96,8,1								96,8,1			128,8,1				72,8,1	160,8,1	112,8,1	96,8,1	80,8,1	96,8,1	112,8,1	96,8,1	48,8,1	112,8,1	112,8,1	112,8,1
Song Chïy 6 ( Kim )			120,8,1	120,8,1	88,8,1			88,8,1					120,8,1	120,8,1			120,8,1				88,8,1	88,8,1			88,8,1				72,8,1			96,8,1				96,8,1			144,8,1				144,8,1					128,8,1	96,8,1								96,8,1			128,8,1				72,8,1	160,8,1	112,8,1	96,8,1	80,8,1	96,8,1	112,8,1	96,8,1	48,8,1	112,8,1	112,8,1	112,8,1
Song TriÒn Thñ - Kim			120,8,1	120,8,1	88,8,1								120,8,1	120,8,1							88,8,1	88,8,1							72,8,1							96,8,1							144,8,1													128,8,1	96,8,1							72,8,1	160,8,1	112,8,1	96,8,1	80,8,1	96,8,1	112,8,1	96,8,1	48,8,1	112,8,1	112,8,1	112,8,1
Song TriÒn Thñ - Thñy			120,8,1	120,8,1	88,8,1								120,8,1	120,8,1							88,8,1	88,8,1							72,8,1							96,8,1							144,8,1													128,8,1	96,8,1							72,8,1	160,8,1	112,8,1	96,8,1	80,8,1	96,8,1	112,8,1	96,8,1	48,8,1	112,8,1	112,8,1	112,8,1
Song TriÒn Thñ - Méc			120,8,1	120,8,1	88,8,1								120,8,1	120,8,1							88,8,1	88,8,1							72,8,1							96,8,1							144,8,1													128,8,1	96,8,1							72,8,1	160,8,1	112,8,1	96,8,1	80,8,1	96,8,1	112,8,1	96,8,1	48,8,1	112,8,1	112,8,1	112,8,1
Song TriÒn Thñ - Háa			120,8,1	120,8,1	88,8,1								120,8,1	120,8,1							88,8,1	88,8,1							72,8,1							96,8,1							144,8,1													128,8,1	96,8,1							72,8,1	160,8,1	112,8,1	96,8,1	80,8,1	96,8,1	112,8,1	96,8,1	48,8,1	112,8,1	112,8,1	112,8,1
Tr­êng C«n - Kim C«n			120,8,1	120,8,1	88,8,1		88,8,1						120,8,1	120,8,1		120,8,1					88,8,1	88,8,1		88,8,1					72,8,1		56,8,1					96,8,1		120,8,1					144,8,1			96,8,1	96,8,1										96,8,1		104,8,1					72,8,1	160,8,1	112,8,1	96,8,1	80,8,1	96,8,1	112,8,1	96,8,1	48,8,1	112,8,1	112,8,1	112,8,1
Tr­êng C«n - Háa C«n			120,8,1	120,8,1	88,8,1		88,8,1						120,8,1	120,8,1		120,8,1					88,8,1	88,8,1		88,8,1					72,8,1		56,8,1					96,8,1		120,8,1					144,8,1			96,8,1	96,8,1										96,8,1		104,8,1					72,8,1	160,8,1	112,8,1	96,8,1	80,8,1	96,8,1	112,8,1	96,8,1	48,8,1	112,8,1	112,8,1	112,8,1
Tr­êng Th­¬ng - Kim Th­¬ng			120,8,1	120,8,1	88,8,1		88,8,1						120,8,1	120,8,1		120,8,1					88,8,1	88,8,1		88,8,1					72,8,1		56,8,1					96,8,1		120,8,1					144,8,1			96,8,1	96,8,1										96,8,1		104,8,1					72,8,1	160,8,1	112,8,1	96,8,1	80,8,1	96,8,1	112,8,1	96,8,1	48,8,1	112,8,1	112,8,1	112,8,1
Tr­êng Th­¬ng - Háa Th­¬ng			120,8,1	120,8,1	88,8,1		88,8,1						120,8,1	120,8,1		120,8,1					88,8,1	88,8,1		88,8,1					72,8,1		56,8,1					96,8,1		120,8,1					144,8,1			96,8,1	96,8,1										96,8,1		104,8,1					72,8,1	160,8,1	112,8,1	96,8,1	80,8,1	96,8,1	112,8,1	96,8,1	48,8,1	112,8,1	112,8,1	112,8,1
§¬n §ao - Kim			120,8,1	120,8,1	88,8,1	88,8,1							120,8,1	120,8,1	120,8,1						88,8,1	88,8,1	88,8,1						72,8,1	64,8,1						96,8,1	88,8,1						144,8,1	128,8,1	112,8,1												96,8,1	96,8,1						72,8,1	160,8,1	112,8,1	96,8,1	80,8,1	96,8,1	112,8,1	96,8,1	48,8,1	112,8,1	112,8,1	112,8,1
§¬n §ao - Méc			120,8,1	120,8,1	88,8,1	88,8,1							120,8,1	120,8,1	120,8,1						88,8,1	88,8,1	88,8,1						72,8,1	64,8,1						96,8,1	88,8,1						144,8,1	128,8,1	112,8,1												96,8,1	96,8,1						72,8,1	160,8,1	112,8,1	96,8,1	80,8,1	96,8,1	112,8,1	96,8,1	48,8,1	112,8,1	112,8,1	112,8,1
§¬n §ao - Thñy			120,8,1	120,8,1	88,8,1	88,8,1							120,8,1	120,8,1	120,8,1						88,8,1	88,8,1	88,8,1						72,8,1	64,8,1						96,8,1	88,8,1						144,8,1	128,8,1	112,8,1												96,8,1	96,8,1						72,8,1	160,8,1	112,8,1	96,8,1	80,8,1	96,8,1	112,8,1	96,8,1	48,8,1	112,8,1	112,8,1	112,8,1
§¬n §ao Háa - Háa			120,8,1	120,8,1	88,8,1	88,8,1							120,8,1	120,8,1	120,8,1						88,8,1	88,8,1	88,8,1						72,8,1	64,8,1						96,8,1	88,8,1						144,8,1	128,8,1	112,8,1												96,8,1	96,8,1						72,8,1	160,8,1	112,8,1	96,8,1	80,8,1	96,8,1	112,8,1	96,8,1	48,8,1	112,8,1	112,8,1	112,8,1
§¬n §ao - L«i			120,8,1	120,8,1	88,8,1	88,8,1							120,8,1	120,8,1	120,8,1						88,8,1	88,8,1	88,8,1						72,8,1	64,8,1						96,8,1	88,8,1						144,8,1	128,8,1	112,8,1												96,8,1	96,8,1						72,8,1	160,8,1	112,8,1	96,8,1	80,8,1	96,8,1	112,8,1	96,8,1	48,8,1	112,8,1	112,8,1	112,8,1
§¬n KiÕm - Thñy			120,8,1	120,8,1	88,8,1	88,8,1							120,8,1	120,8,1	120,8,1						88,8,1	88,8,1	88,8,1						72,8,1	64,8,1						96,8,1	88,8,1						144,8,1	128,8,1	112,8,1												96,8,1	96,8,1						72,8,1	160,8,1	112,8,1	96,8,1	80,8,1	96,8,1	112,8,1	96,8,1	48,8,1	112,8,1	112,8,1	112,8,1
§¬n KiÕm - L«i			120,8,1	120,8,1	88,8,1	88,8,1							120,8,1	120,8,1	120,8,1						88,8,1	88,8,1	88,8,1						72,8,1	64,8,1						96,8,1	88,8,1						144,8,1	128,8,1	112,8,1												96,8,1	96,8,1						72,8,1	160,8,1	112,8,1	96,8,1	80,8,1	96,8,1	112,8,1	96,8,1	48,8,1	112,8,1	112,8,1	112,8,1
§¬n KiÕm L«I - L«i			120,8,1	120,8,1	88,8,1	88,8,1							120,8,1	120,8,1	120,8,1						88,8,1	88,8,1	88,8,1						72,8,1	64,8,1						96,8,1	88,8,1						144,8,1	128,8,1	112,8,1												96,8,1	96,8,1						72,8,1	160,8,1	112,8,1	96,8,1	80,8,1	96,8,1	112,8,1	96,8,1	48,8,1	112,8,1	112,8,1	112,8,1
Song Chïy - Kim			120,8,1	120,8,1	88,8,1			88,8,1					120,8,1	120,8,1			120,8,1				88,8,1	88,8,1			88,8,1				72,8,1			96,8,1				96,8,1			144,8,1				144,8,1					128,8,1	96,8,1								96,8,1			128,8,1				72,8,1	160,8,1	112,8,1	96,8,1	80,8,1	96,8,1	112,8,1	96,8,1	48,8,1	112,8,1	112,8,1	112,8,1
Song §ao - Thñy			120,8,1	120,8,1	88,8,1			88,8,1					120,8,1	120,8,1			120,8,1				88,8,1	88,8,1			88,8,1				72,8,1			96,8,1				96,8,1			144,8,1				144,8,1					128,8,1	96,8,1								96,8,1			128,8,1				72,8,1	160,8,1	112,8,1	96,8,1	80,8,1	96,8,1	112,8,1	96,8,1	48,8,1	112,8,1	112,8,1	112,8,1
§¬n §ao - Ph¸t Quang 1			120,8,1	120,8,1	88,8,1	88,8,1							120,8,1	120,8,1	120,8,1						88,8,1	88,8,1	88,8,1						72,8,1	64,8,1						96,8,1	88,8,1						144,8,1	128,8,1	112,8,1												96,8,1	96,8,1						72,8,1	160,8,1	112,8,1	96,8,1	80,8,1	96,8,1	112,8,1	96,8,1	48,8,1	112,8,1	112,8,1	112,8,1
§¬n KiÕm - Ph¸t Quang 1			120,8,1	120,8,1	88,8,1	88,8,1							120,8,1	120,8,1	120,8,1						88,8,1	88,8,1	88,8,1						72,8,1	64,8,1						96,8,1	88,8,1						144,8,1	128,8,1	112,8,1												96,8,1	96,8,1						72,8,1	160,8,1	112,8,1	96,8,1	80,8,1	96,8,1	112,8,1	96,8,1	48,8,1	112,8,1	112,8,1	112,8,1
§¬n §ao Háa - Ph¸t Quang 1			120,8,1	120,8,1	88,8,1	88,8,1							120,8,1	120,8,1	120,8,1						88,8,1	88,8,1	88,8,1						72,8,1	64,8,1						96,8,1	88,8,1						144,8,1	128,8,1	112,8,1												96,8,1	96,8,1						72,8,1	160,8,1	112,8,1	96,8,1	80,8,1	96,8,1	112,8,1	96,8,1	48,8,1	112,8,1	112,8,1	112,8,1
§¬n KiÕm L«I - Ph¸t Quang 1			120,8,1	120,8,1	88,8,1	88,8,1							120,8,1	120,8,1	120,8,1						88,8,1	88,8,1	88,8,1						72,8,1	64,8,1						96,8,1	88,8,1						144,8,1	128,8,1	112,8,1												96,8,1	96,8,1						72,8,1	160,8,1	112,8,1	96,8,1	80,8,1	96,8,1	112,8,1	96,8,1	48,8,1	112,8,1	112,8,1	112,8,1
Tr­êng C«n - Ph¸t Quang 1			120,8,1	120,8,1	88,8,1		88,8,1						120,8,1	120,8,1		120,8,1					88,8,1	88,8,1		88,8,1					72,8,1		56,8,1					96,8,1		120,8,1					144,8,1			96,8,1	96,8,1										96,8,1		104,8,1					72,8,1	160,8,1	112,8,1	96,8,1	80,8,1	96,8,1	112,8,1	96,8,1	48,8,1	112,8,1	112,8,1	112,8,1
Tr­êng Th­¬ng - Ph¸t Quang 1			120,8,1	120,8,1	88,8,1		88,8,1						120,8,1	120,8,1		120,8,1					88,8,1	88,8,1		88,8,1					72,8,1		56,8,1					96,8,1		120,8,1					144,8,1			96,8,1	96,8,1										96,8,1		104,8,1					72,8,1	160,8,1	112,8,1	96,8,1	80,8,1	96,8,1	112,8,1	96,8,1	48,8,1	112,8,1	112,8,1	112,8,1
Song Chïy - Ph¸t Quang 1			120,8,1	120,8,1	88,8,1			88,8,1					120,8,1	120,8,1			120,8,1				88,8,1	88,8,1			88,8,1				72,8,1			96,8,1				96,8,1			144,8,1				144,8,1					128,8,1	96,8,1								96,8,1			128,8,1				72,8,1	160,8,1	112,8,1	96,8,1	80,8,1	96,8,1	112,8,1	96,8,1	48,8,1	112,8,1	112,8,1	112,8,1
Song §ao - Ph¸t Quang 1			120,8,1	120,8,1	88,8,1			88,8,1					120,8,1	120,8,1			120,8,1				88,8,1	88,8,1			88,8,1				72,8,1			96,8,1				96,8,1			144,8,1				144,8,1					128,8,1	96,8,1								96,8,1			128,8,1				72,8,1	160,8,1	112,8,1	96,8,1	80,8,1	96,8,1	112,8,1	96,8,1	48,8,1	112,8,1	112,8,1	112,8,1
Song TriÒn Thñ - Ph¸t Quang 1			120,8,1	120,8,1	88,8,1								120,8,1	120,8,1							88,8,1	88,8,1							72,8,1							96,8,1							144,8,1													128,8,1	96,8,1							72,8,1	160,8,1	112,8,1	96,8,1	80,8,1	96,8,1	112,8,1	96,8,1	48,8,1	112,8,1	112,8,1	112,8,1
Song Tr¶o - Ph¸t Quang 1			120,8,1	120,8,1	88,8,1								120,8,1	120,8,1							88,8,1	88,8,1							72,8,1							96,8,1							144,8,1													128,8,1	96,8,1							72,8,1	160,8,1	112,8,1	96,8,1	80,8,1	96,8,1	112,8,1	96,8,1	48,8,1	112,8,1	112,8,1	112,8,1
Tay Kh«ng - Ph¸t Quang 1			120,8,1	120,8,1	88,8,1								120,8,1	120,8,1							88,8,1	88,8,1							72,8,1							96,8,1							144,8,1													128,8,1	96,8,1							72,8,1	160,8,1	112,8,1	96,8,1	80,8,1	96,8,1	112,8,1	96,8,1	48,8,1	112,8,1	112,8,1	112,8,1
§¬n §ao - Ph¸t Quang 2			120,8,1	120,8,1	88,8,1	88,8,1							120,8,1	120,8,1	120,8,1						88,8,1	88,8,1	88,8,1						72,8,1	64,8,1						96,8,1	88,8,1						144,8,1	128,8,1	112,8,1												96,8,1	96,8,1						72,8,1	160,8,1	112,8,1	96,8,1	80,8,1	96,8,1	112,8,1	96,8,1	48,8,1	112,8,1	112,8,1	112,8,1
§¬n KiÕm - Ph¸t Quang 2			120,8,1	120,8,1	88,8,1	88,8,1							120,8,1	120,8,1	120,8,1						88,8,1	88,8,1	88,8,1						72,8,1	64,8,1						96,8,1	88,8,1						144,8,1	128,8,1	112,8,1												96,8,1	96,8,1						72,8,1	160,8,1	112,8,1	96,8,1	80,8,1	96,8,1	112,8,1	96,8,1	48,8,1	112,8,1	112,8,1	112,8,1
§¬n §ao Háa - Ph¸t Quang 2			120,8,1	120,8,1	88,8,1	88,8,1							120,8,1	120,8,1	120,8,1						88,8,1	88,8,1	88,8,1						72,8,1	64,8,1						96,8,1	88,8,1						144,8,1	128,8,1	112,8,1												96,8,1	96,8,1						72,8,1	160,8,1	112,8,1	96,8,1	80,8,1	96,8,1	112,8,1	96,8,1	48,8,1	112,8,1	112,8,1	112,8,1
§¬n KiÕm L«i - Ph¸t Quang 2			120,8,1	120,8,1	88,8,1	88,8,1							120,8,1	120,8,1	120,8,1						88,8,1	88,8,1	88,8,1						72,8,1	64,8,1						96,8,1	88,8,1						144,8,1	128,8,1	112,8,1												96,8,1	96,8,1						72,8,1	160,8,1	112,8,1	96,8,1	80,8,1	96,8,1	112,8,1	96,8,1	48,8,1	112,8,1	112,8,1	112,8,1
Tr­êng C«n - Ph¸t Quang 2			120,8,1	120,8,1	88,8,1		88,8,1						120,8,1	120,8,1		120,8,1					88,8,1	88,8,1		88,8,1					72,8,1		56,8,1					96,8,1		120,8,1					144,8,1			96,8,1	96,8,1										96,8,1		104,8,1					72,8,1	160,8,1	112,8,1	96,8,1	80,8,1	96,8,1	112,8,1	96,8,1	48,8,1	112,8,1	112,8,1	112,8,1
Tr­êng Th­¬ng - Ph¸t Quang 2			120,8,1	120,8,1	88,8,1		88,8,1						120,8,1	120,8,1		120,8,1					88,8,1	88,8,1		88,8,1					72,8,1		56,8,1					96,8,1		120,8,1					144,8,1			96,8,1	96,8,1										96,8,1		104,8,1					72,8,1	160,8,1	112,8,1	96,8,1	80,8,1	96,8,1	112,8,1	96,8,1	48,8,1	112,8,1	112,8,1	112,8,1
Song Chïy - Ph¸t Quang 2			120,8,1	120,8,1	88,8,1			88,8,1					120,8,1	120,8,1			120,8,1				88,8,1	88,8,1			88,8,1				72,8,1			96,8,1				96,8,1			144,8,1				144,8,1					128,8,1	96,8,1								96,8,1			128,8,1				72,8,1	160,8,1	112,8,1	96,8,1	80,8,1	96,8,1	112,8,1	96,8,1	48,8,1	112,8,1	112,8,1	112,8,1
Song §ao - Ph¸t Quang 2			120,8,1	120,8,1	88,8,1			88,8,1					120,8,1	120,8,1			120,8,1				88,8,1	88,8,1			88,8,1				72,8,1			96,8,1				96,8,1			144,8,1				144,8,1					128,8,1	96,8,1								96,8,1			128,8,1				72,8,1	160,8,1	112,8,1	96,8,1	80,8,1	96,8,1	112,8,1	96,8,1	48,8,1	112,8,1	112,8,1	112,8,1
Song TriÒn Thñ - Ph¸t Quang 2			120,8,1	120,8,1	88,8,1								120,8,1	120,8,1							88,8,1	88,8,1							72,8,1							96,8,1							144,8,1													128,8,1	96,8,1							72,8,1	160,8,1	112,8,1	96,8,1	80,8,1	96,8,1	112,8,1	96,8,1	48,8,1	112,8,1	112,8,1	112,8,1
Song Tr¶o - Ph¸t Quang 2			120,8,1	120,8,1	88,8,1								120,8,1	120,8,1							88,8,1	88,8,1							72,8,1							96,8,1							144,8,1													128,8,1	96,8,1							72,8,1	160,8,1	112,8,1	96,8,1	80,8,1	96,8,1	112,8,1	96,8,1	48,8,1	112,8,1	112,8,1	112,8,1
Tay Kh«ng - Ph¸t Quang 2			120,8,1	120,8,1	88,8,1								120,8,1	120,8,1							88,8,1	88,8,1							72,8,1							96,8,1							144,8,1													128,8,1	96,8,1							72,8,1	160,8,1	112,8,1	96,8,1	80,8,1	96,8,1	112,8,1	96,8,1	48,8,1	112,8,1	112,8,1	112,8,1
Minh Ph­îng Chi Quy Y TriÒn Thñ			120,8,1	120,8,1	88,8,1								120,8,1	120,8,1							88,8,1	88,8,1							72,8,1							96,8,1							144,8,1													128,8,1	96,8,1							72,8,1	160,8,1	112,8,1	96,8,1	80,8,1	96,8,1	112,8,1	96,8,1	48,8,1	112,8,1	112,8,1	112,8,1
Minh Ph­îng Chi Cùc Nh¹o T¨ng C«n			120,8,1	120,8,1	88,8,1		88,8,1						120,8,1	120,8,1		120,8,1					88,8,1	88,8,1		88,8,1					72,8,1		56,8,1					96,8,1		120,8,1					144,8,1			96,8,1	96,8,1										96,8,1		104,8,1					72,8,1	160,8,1	112,8,1	96,8,1	80,8,1	96,8,1	112,8,1	96,8,1	48,8,1	112,8,1	112,8,1	112,8,1
Minh Ph­îng Chi H­ Kh«ng Giíi §ao			120,8,1	120,8,1	88,8,1	88,8,1							120,8,1	120,8,1	120,8,1						88,8,1	88,8,1	88,8,1						72,8,1	64,8,1						96,8,1	88,8,1						144,8,1	128,8,1	112,8,1												96,8,1	96,8,1						72,8,1	160,8,1	112,8,1	96,8,1	80,8,1	96,8,1	112,8,1	96,8,1	48,8,1	112,8,1	112,8,1	112,8,1
Minh Ph­îng Chi ChiÕn ThÇn Chïy			120,8,1	120,8,1	88,8,1			88,8,1					120,8,1	120,8,1			120,8,1				88,8,1	88,8,1			88,8,1				72,8,1			96,8,1				96,8,1			144,8,1				144,8,1					128,8,1	96,8,1								96,8,1			128,8,1				72,8,1	160,8,1	112,8,1	96,8,1	80,8,1	96,8,1	112,8,1	96,8,1	48,8,1	112,8,1	112,8,1	112,8,1
Minh Ph­îng Chi Anh Hïng Th­¬ng			120,8,1	120,8,1	88,8,1		88,8,1						120,8,1	120,8,1		120,8,1					88,8,1	88,8,1		88,8,1					72,8,1		56,8,1					96,8,1		120,8,1					144,8,1			96,8,1	96,8,1										96,8,1		104,8,1					72,8,1	160,8,1	112,8,1	96,8,1	80,8,1	96,8,1	112,8,1	96,8,1	48,8,1	112,8,1	112,8,1	112,8,1
Minh Ph­îng Chi Ph¸ch V­¬ng B¶o §ao			120,8,1	120,8,1	88,8,1	88,8,1							120,8,1	120,8,1	120,8,1						88,8,1	88,8,1	88,8,1						72,8,1	64,8,1						96,8,1	88,8,1						144,8,1	128,8,1	112,8,1												96,8,1	96,8,1						72,8,1	160,8,1	112,8,1	96,8,1	80,8,1	96,8,1	112,8,1	96,8,1	48,8,1	112,8,1	112,8,1	112,8,1
Minh Ph­îng Chi T¸n Hoa Tr­êng KiÕm																																																																											
Minh Ph­îng Chi L¨ng Tiªu TriÒn Thñ																																																																											
Minh Ph­îng Chi V¹n Hoa B¶o §ao																																																																											
Minh Ph­îng Chi Ph­¬ng Hoa Song §ao																																																																											
Minh Ph­îng Chi Diªm La TriÒn Thñ			120,8,1	120,8,1	88,8,1								120,8,1	120,8,1							88,8,1	88,8,1							72,8,1							96,8,1							144,8,1													128,8,1	96,8,1							72,8,1	160,8,1	112,8,1	96,8,1	80,8,1	96,8,1	112,8,1	96,8,1	48,8,1	112,8,1	112,8,1	112,8,1
Minh Ph­îng Chi Minh V­¬ng B¶o §ao			120,8,1	120,8,1	88,8,1	88,8,1							120,8,1	120,8,1	120,8,1						88,8,1	88,8,1	88,8,1						72,8,1	64,8,1						96,8,1	88,8,1						144,8,1	128,8,1	112,8,1												96,8,1	96,8,1						72,8,1	160,8,1	112,8,1	96,8,1	80,8,1	96,8,1	112,8,1	96,8,1	48,8,1	112,8,1	112,8,1	112,8,1
Minh Ph­îng Chi LiÔm DiÔm Phi §ao			120,8,1	120,8,1	88,8,1								120,8,1	120,8,1							88,8,1	88,8,1							72,8,1							96,8,1							144,8,1													128,8,1	96,8,1							72,8,1	160,8,1	112,8,1	96,8,1	80,8,1	96,8,1	112,8,1	96,8,1	48,8,1	112,8,1	112,8,1	112,8,1
Minh Ph­îng Chi Thiªn Hoµng Tô TiÔn			120,8,1	120,8,1	88,8,1								120,8,1	120,8,1							88,8,1	88,8,1							72,8,1							96,8,1							144,8,1													128,8,1	96,8,1							72,8,1	160,8,1	112,8,1	96,8,1	80,8,1	96,8,1	112,8,1	96,8,1	48,8,1	112,8,1	112,8,1	112,8,1
Minh Ph­îng Chi Thiªn Kiªu Phi Tiªu			120,8,1	120,8,1	88,8,1								120,8,1	120,8,1							88,8,1	88,8,1							72,8,1							96,8,1							144,8,1													128,8,1	96,8,1							72,8,1	160,8,1	112,8,1	96,8,1	80,8,1	96,8,1	112,8,1	96,8,1	48,8,1	112,8,1	112,8,1	112,8,1
Minh Ph­îng Chi ThiÕt HuyÕt TriÒn Thñ			120,8,1	120,8,1	88,8,1								120,8,1	120,8,1							88,8,1	88,8,1							72,8,1							96,8,1							144,8,1													128,8,1	96,8,1							72,8,1	160,8,1	112,8,1	96,8,1	80,8,1	96,8,1	112,8,1	96,8,1	48,8,1	112,8,1	112,8,1	112,8,1
Minh Ph­îng Chi Quang Phóc C«n			120,8,1	120,8,1	88,8,1		88,8,1						120,8,1	120,8,1		120,8,1					88,8,1	88,8,1		88,8,1					72,8,1		56,8,1					96,8,1		120,8,1					144,8,1			96,8,1	96,8,1										96,8,1		104,8,1					72,8,1	160,8,1	112,8,1	96,8,1	80,8,1	96,8,1	112,8,1	96,8,1	48,8,1	112,8,1	112,8,1	112,8,1
Minh Ph­îng Chi Dôc NhËt Th­¬ng			120,8,1	120,8,1	88,8,1		88,8,1						120,8,1	120,8,1		120,8,1					88,8,1	88,8,1		88,8,1					72,8,1		56,8,1					96,8,1		120,8,1					144,8,1			96,8,1	96,8,1										96,8,1		104,8,1					72,8,1	160,8,1	112,8,1	96,8,1	80,8,1	96,8,1	112,8,1	96,8,1	48,8,1	112,8,1	112,8,1	112,8,1
Minh Ph­¬ng Chi SÝ §Þa §ao			120,8,1	120,8,1	88,8,1	88,8,1							120,8,1	120,8,1	120,8,1						88,8,1	88,8,1	88,8,1						72,8,1	64,8,1						96,8,1	88,8,1						144,8,1	128,8,1	112,8,1												96,8,1	96,8,1						72,8,1	160,8,1	112,8,1	96,8,1	80,8,1	96,8,1	112,8,1	96,8,1	48,8,1	112,8,1	112,8,1	112,8,1
Minh Ph­îng Chi Kh«ng Minh KiÕm			120,8,1	120,8,1	88,8,1	88,8,1							120,8,1	120,8,1	120,8,1						88,8,1	88,8,1	88,8,1						72,8,1	64,8,1						96,8,1	88,8,1						144,8,1	128,8,1	112,8,1												96,8,1	96,8,1						72,8,1	160,8,1	112,8,1	96,8,1	80,8,1	96,8,1	112,8,1	96,8,1	48,8,1	112,8,1	112,8,1	112,8,1
Minh Ph­îng Chi Bång Lai KiÕm			120,8,1	120,8,1	88,8,1	88,8,1							120,8,1	120,8,1	120,8,1						88,8,1	88,8,1	88,8,1						72,8,1	64,8,1						96,8,1	88,8,1						144,8,1	128,8,1	112,8,1												96,8,1	96,8,1						72,8,1	160,8,1	112,8,1	96,8,1	80,8,1	96,8,1	112,8,1	96,8,1	48,8,1	112,8,1	112,8,1	112,8,1
Minh Ph­îng Chi Cöu Thiªn Hµn ThiÕt			120,8,1	120,8,1	88,8,1	88,8,1							120,8,1	120,8,1	120,8,1						88,8,1	88,8,1	88,8,1						72,8,1	64,8,1						96,8,1	88,8,1						144,8,1	128,8,1	112,8,1												96,8,1	96,8,1						72,8,1	160,8,1	112,8,1	96,8,1	80,8,1	96,8,1	112,8,1	96,8,1	48,8,1	112,8,1	112,8,1	112,8,1
Minh Ph­îng Chi Tham Th­¬ng KiÕm			120,8,1	120,8,1	88,8,1	88,8,1							120,8,1	120,8,1	120,8,1						88,8,1	88,8,1	88,8,1						72,8,1	64,8,1						96,8,1	88,8,1						144,8,1	128,8,1	112,8,1												96,8,1	96,8,1						72,8,1	160,8,1	112,8,1	96,8,1	80,8,1	96,8,1	112,8,1	96,8,1	48,8,1	112,8,1	112,8,1	112,8,1
Tö M·ng Chi KÕt L« KiÕm			120,8,1	120,8,1	88,8,1	88,8,1							120,8,1	120,8,1	120,8,1						88,8,1	88,8,1	88,8,1						72,8,1	64,8,1						96,8,1	88,8,1						144,8,1	128,8,1	112,8,1												96,8,1	96,8,1						72,8,1	160,8,1	112,8,1	96,8,1	80,8,1	96,8,1	112,8,1	96,8,1	48,8,1	112,8,1	112,8,1	112,8,1
B¹ch Hæ Chi Tö C©m KiÕm			120,8,1	120,8,1	88,8,1	88,8,1							120,8,1	120,8,1	120,8,1						88,8,1	88,8,1	88,8,1						72,8,1	64,8,1						96,8,1	88,8,1						144,8,1	128,8,1	112,8,1												96,8,1	96,8,1						72,8,1	160,8,1	112,8,1	96,8,1	80,8,1	96,8,1	112,8,1	96,8,1	48,8,1	112,8,1	112,8,1	112,8,1
Minh Ph­îng Chi Tr¹m Vò KiÕm			120,8,1	120,8,1	88,8,1	88,8,1							120,8,1	120,8,1	120,8,1						88,8,1	88,8,1	88,8,1						72,8,1	64,8,1						96,8,1	88,8,1						144,8,1	128,8,1	112,8,1												96,8,1	96,8,1						72,8,1	160,8,1	112,8,1	96,8,1	80,8,1	96,8,1	112,8,1	96,8,1	48,8,1	112,8,1	112,8,1	112,8,1
§»ng Long Chi Bå §Ò TriÒn Thñ			120,1,1	120,1,1	88,8,1								120,8,1	120,8,1							88,8,1	88,8,1							72,8,1							96,8,1							144,8,1														96,8,1							72,8,1	160,8,1	112,1,1	96,1,1	80,1,1	96,1,1	112,1,1	96,1,1	48,1,1	112,1,1	112,1,1	112,1,1
§»ng Long Chi Nh­ Lai Ph¸p C«n			120,8,56	120,8,56	88,8,1		88,8,56						120,8,1	120,8,1		88,8,56					88,8,1	88,8,1		88,8,56					72,8,1		56,8,56					96,8,1							144,8,1			96,8,56	96,8,56										96,8,1		104,8,56					72,8,1	160,8,1	112,8,56	96,8,56	80,8,56	96,8,56	112,8,56	96,8,56	48,8,56		112,8,56	112,8,56
§»ng Long Chi V« L­îng Giíi §ao			120,8,1	120,8,1	88,8,1	88,8,1							120,8,1	120,8,1	120,8,111						88,8,1	88,8,1	88,8,1						72,8,1	64,8,56						96,8,1	88,8,56						144,8,1	128,8,1	112,8,1												96,8,1	96,8,1						72,8,1	160,8,1	112,1,1	88,8,1	80,8,1	96,8,1	112,8,1	96,8,1	48,8,1	112,8,1	112,1,1	112,1,1
§»ng Long Chi Khai Thiªn ThÇn Chóy			120,8,1	120,8,1	88,8,1								120,8,1	120,8,1							88,8,1	88,8,1			88,1,1				72,8,1			96,1,1				96,8,1			144,1,1				144,8,1					128,1,1	96,1,1								96,8,1			128,1,1				72,8,1	160,8,1	112,1,1	96,1,1	80,1,1	96,1,1	112,1,1	96,1,1	48,1,1	112,1,1	112,1,1	112,1,1
§»ng Long Chi TÝch §Þa Th­¬ng			120,8,56	120,8,56	88,8,1		88,8,56						120,8,1	120,8,1		88,8,56					88,8,1	88,8,1		88,8,56					72,8,1		56,8,56					96,8,1							144,8,1			96,8,56	96,8,56										96,8,1		104,8,56					72,8,1	160,8,1	112,8,56	96,8,56	80,8,56	96,8,56	112,8,56	96,8,56	48,8,56		112,8,56	112,8,56
§»ng Long Chi Hçn Nguyªn B¶o §ao			120,8,1	120,8,1	88,8,1	88,8,1							120,8,1	120,8,1	120,8,1						88,8,1	88,8,1	88,8,1						72,8,1	64,8,1						96,8,1	88,8,1						144,8,1	128,8,1	112,8,1												96,8,1	96,8,1						72,8,1	160,8,1	112,8,1	88,1,1	80,8,1	96,8,1	112,8,1	96,8,1	48,8,1	112,8,1	112,8,1	112,8,1
§»ng Long Chi Phi Thiªn Tr­êng KiÕm																																																																											
§»ng Long Chi B¨ng Ph¸ch TriÒn Thñ																																																																											
§»ng Long Chi Khuynh Thµnh B¶o §ao																																																																											
§»ng Long Chi B¸ch H­¬ng Uyªn ¦¬ng §ao																																																																											
§»ng Long Chi V¹n §éc TriÒn Thñ			120,8,1	120,1,1	88,8,1								120,8,1	120,8,1							88,8,1	88,8,1							72,8,1							96,8,1							144,8,1														96,8,1							72,8,1	160,8,1	112,1,1	96,1,1	80,1,1	96,1,1	112,1,1	96,1,1	48,1,1	112,1,1	112,1,1	112,1,1
§»ng Long Chi V¹n Linh HuyÕt §ao			120,8,1	120,8,1	88,8,1	88,8,1							120,8,1	120,8,1	120,8,1						88,8,1	88,8,1	96,8,1						72,8,1	64,8,1						96,8,1	88,8,1						144,8,1	128,8,1	112,8,1												96,8,1	96,8,1						72,8,1	160,8,1	112,8,1	88,8,1	80,8,1	96,8,1	112,8,1	96,8,1	48,8,1	112,8,1	112,8,1	112,8,1
§»ng Long Chi Hçn §én Phi §ao			120,8,1	120,1,1	88,8,1								120,8,1	120,8,1							88,8,1	88,8,1							72,8,1							96,8,1							144,8,1														96,8,1							72,8,1	160,8,1	112,1,1	96,1,1	80,1,1	96,1,1	112,1,1	96,1,1	48,1,1	112,1,1	112,1,1	112,1,1
§»ng Long Chi ThÝ ThÇn Tô TiÔn			120,8,1	120,1,1	88,8,1								120,8,1	120,8,1							88,8,1	88,8,1							72,8,1							96,8,1							144,8,1														96,8,1							72,8,1	160,8,1	112,1,1	96,1,1	80,1,1	96,1,1	112,1,1	96,1,1	48,1,1	112,1,1	112,1,1	112,1,1
§»ng Long Chi Phãng B¹o Phi Tiªu			120,8,1	120,1,1	88,8,1								120,8,1	120,8,1							88,8,1	88,8,1							72,8,1							96,8,1							144,8,1														96,8,1							72,8,1	160,8,1	112,1,1	96,1,1	80,1,1	96,1,1	112,1,1	96,1,1	48,1,1	112,1,1	112,1,1	112,1,1
§»ng Long Chi Hµo T×nh TriÒn Thñ			120,8,1	120,1,1	88,8,1								120,8,1	120,8,1							88,8,1	88,8,1							72,8,1							96,8,1							144,8,1														96,8,1							72,8,1	160,8,1	112,1,1	96,1,1	80,1,1	96,1,1	112,1,1	96,1,1	48,1,1	112,1,1	112,1,1	112,1,1
§»ng Long Chi Tô NghÜa C«n			120,8,56	120,8,56	88,8,1		88,8,56						120,8,1	120,8,1		120,8,56					88,8,1	88,8,1		88,8,56					72,8,1		56,8,56					96,8,1							144,8,1			96,8,56	96,8,56										96,8,1		104,8,56					72,8,1	160,8,1	112,8,56	96,8,56	80,8,56	96,8,56	112,8,56	96,8,56	48,8,56		112,8,56	112,8,56
§»ng Long Chi Viªm Hoµng Th­¬ng			120,8,56	120,8,56	88,8,1		88,8,56						120,8,1	120,8,1		120,8,56					88,8,1	88,8,1		88,8,56					72,8,1		56,8,56					96,8,1							144,8,1			96,8,56	96,8,56										96,8,1		104,8,56					72,8,1	160,8,1	112,8,56	96,8,56	80,8,56	96,8,56	112,8,56	96,8,56	48,8,56		112,8,56	112,8,56
§»ng Long Chi PhÇn Thiªn B¶o §ao			120,1,1	119,8,1	88,8,1	88,8,1							120,8,1	120,8,1	120,8,1						88,8,1	88,8,1							72,8,1	64,8,1						96,8,1	88,8,1						144,8,1	128,8,1	112,8,1												96,8,1	96,8,1						72,8,1	160,8,1	112,8,1	88,8,1	80,8,1	96,8,1	112,8,1	96,8,1	48,8,1	112,8,1	112,8,1	112,8,1
§»ng Long Chi Ngäc H­ ThÇn KiÕm			116,8,1	120,8,1	88,8,1	88,8,1							120,8,1	120,8,1	120,1,1						88,8,1	88,8,1	88,8,1						72,8,1	64,8,1						96,8,1	88,8,1						144,8,1	128,8,1	112,8,1												96,8,1	96,8,1						72,8,1	160,8,1	112,8,1	88,8,1	80,8,1	96,8,1	112,8,1	96,8,1	48,8,1	112,8,1	112,8,1	112,8,1
§»ng Long Chi HuyÒn Thiªn ThÇn KiÕm			120,8,1	120,8,1	88,8,1	88,8,1							120,8,1	120,8,1	120,1,1						88,8,1	88,8,1							72,8,1	64,8,1						96,8,1	88,8,1						144,8,1	128,8,1	112,8,1												96,8,1	96,8,1						72,8,1	160,8,1	112,8,1	88,8,1	80,8,1	96,8,1	112,8,1	96,8,1	48,8,1	112,8,1	112,8,1	112,8,1
§»ng Long Chi Ph­¬ng Nguyªn B¶o §ao			120,8,1	120,8,1	88,8,1	88,8,1							120,8,1	120,8,1	120,8,1						88,8,1	88,8,1	88,8,1						72,8,1	64,8,1						96,8,1	88,8,1						144,8,1	128,8,1	112,8,1												96,8,1	96,8,1						72,8,1	160,8,1	112,8,1	88,8,1	80,8,1	96,8,1	112,8,1	96,8,1	48,8,1	112,8,1	112,8,1	112,8,1
§»ng Long Chi Th­¬ng Khung ThÇn KiÕm			120,8,1	120,8,1	88,8,1	88,8,1							120,8,1	120,8,1	120,8,1						88,8,1	88,8,1	88,8,1						72,8,1	64,8,1						96,8,1	88,8,1						144,8,1	128,8,1	112,8,1												96,8,1	96,8,1						72,8,1	160,8,1	112,8,1	77,8,1	80,8,1	96,8,1	112,8,1	96,8,1	48,18,1	112,8,1	112,8,1	112,8,1
§»ng Long Chi Tè Du KiÕm			120,8,1	120,8,1	88,8,1	88,8,1							120,8,1	120,8,1	120,8,1						88,8,1	88,8,1	88,8,1						72,8,1	64,8,1						96,8,1	88,8,1						144,8,1	128,8,1	112,8,1												96,8,1	96,8,1						72,8,1	160,8,1	112,8,1	96,8,1	80,8,1	104,8,1	120,8,1	96,8,1	48,8,1	112,8,1	112,8,1	112,8,1
§»ng Long Chi Y Thñy KiÕm			120,8,1	120,8,1	88,8,1	88,8,1							120,8,1	120,8,1	120,8,1						88,8,1	88,8,1	88,8,1						72,8,1	64,8,1						96,8,1	88,8,1						144,8,1	128,8,1	112,8,1												96,8,1	96,8,1						72,8,1	160,8,1	112,8,1	96,8,1	80,8,1	104,8,1	120,8,1	96,8,1	48,8,1	112,8,1	112,8,1	112,8,1
Tinh S­¬ng Chi Khæ §Õ TriÒn Thñ			120,8,1	120,8,1	88,8,1								120,8,1	120,8,1							88,8,1	88,8,1							72,8,1							96,8,1							144,8,1													128,8,1	96,8,1							72,8,1	160,8,1	112,8,1	96,8,1	80,8,1	96,8,1	112,8,1	96,8,1	48,8,1	112,8,1	112,8,1	112,8,1
Tinh S­¬ng Chi DiÖt §Õ Ph¸p C«n			120,8,1	120,8,1			88,8,1									120,8,1								88,8,1							56,8,1							120,8,1								96,8,1	96,8,1												104,8,1							112,8,1	96,8,1	80,8,1	96,8,1	112,8,1	96,8,1	48,8,1	112,8,1	112,8,1	112,8,1
Tinh S­¬ng Chi §¹o §Õ Giíi §ao			120,8,1	120,8,1		88,8,1									120,8,1								88,8,1							64,8,1							88,8,1							128,8,1	112,8,1													96,8,1								112,8,1	96,8,1	80,8,1	96,8,1	112,8,1	96,8,1	48,8,1	112,8,1	112,8,1	112,8,1
Tinh S­¬ng Chi Th«n Tµ ThÇn Chïy			120,8,1	120,8,1				88,8,1									120,8,1								88,8,1							96,8,1							144,8,1									128,8,1	96,8,1											128,8,1						112,8,1	96,8,1	80,8,1	96,8,1	112,8,1	96,8,1	48,8,1	112,8,1	112,8,1	112,8,1
Tinh S­¬ng Chi L­u Kim Th­¬ng			120,8,1	120,8,1			88,8,1									120,8,1								88,8,1							56,8,1							120,8,1								96,8,1	96,8,1												104,8,1							112,8,1	96,8,1	80,8,1	96,8,1	112,8,1	96,8,1	48,8,1	112,8,1	112,8,1	112,8,1
Tinh S­¬ng Chi LÝ S­¬ng B¶o §ao			120,8,1	120,8,1		88,8,1									120,8,1								88,8,1							64,8,1							88,8,1							128,8,1	112,8,1													96,8,1								112,8,1	96,8,1	80,8,1	96,8,1	112,8,1	96,8,1	48,8,1	112,8,1	112,8,1	112,8,1
Tinh S­¬ng Chi L¹c Anh B¶o KiÕm																																																																											
Tinh S­¬ng Chi PhÊt HuyÖt TriÒn Thñ																																																																											
Tinh S­¬ng Chi Thiªn H­¬ng B¶o §ao																																																																											
Tinh S­¬ng Chi Th¶i VËn Uyªn ¦¬ng §ao																																																																											
Tinh S­¬ng Chi ThiÒm Phi TriÒn Thñ			120,8,1	120,8,1	88,8,1								120,8,1	120,8,1							88,8,1	88,8,1							72,8,1							96,8,1							144,8,1													128,8,1	96,8,1							72,8,1	160,8,1	112,8,1	96,8,1	80,8,1	96,8,1	112,8,1	96,8,1	48,8,1	112,8,1	112,8,1	112,8,1
Tinh S­¬ng Chi Phô Cèt HuyÕt §ao			120,8,1	120,8,1		88,8,1									120,8,1								88,8,1							64,8,1							88,8,1							128,8,1	112,8,1													96,8,1								112,8,1	96,8,1	80,8,1	96,8,1	112,8,1	96,8,1	48,8,1	112,8,1	112,8,1	112,8,1
Tinh S­¬ng Chi L·nh HuyÕt Phi §ao			120,8,1	120,8,1	88,8,1								120,8,1	120,8,1							88,8,1	88,8,1							72,8,1							96,8,1							144,8,1													128,8,1	96,8,1							72,8,1	160,8,1	112,8,1	96,8,1	80,8,1	96,8,1	112,8,1	96,8,1	48,8,1	112,8,1	112,8,1	112,8,1
Tinh S­¬ng Chi Né Liªn Tô TiÔn			120,8,1	120,8,1	88,8,1								120,8,1	120,8,1							88,8,1	88,8,1							72,8,1							96,8,1							144,8,1													128,8,1	96,8,1							72,8,1	160,8,1	112,8,1	96,8,1	80,8,1	96,8,1	112,8,1	96,8,1	48,8,1	112,8,1	112,8,1	112,8,1
Tinh S­¬ng Chi Truy MÖnh Phi Tiªu			120,8,1	120,8,1	88,8,1								120,8,1	120,8,1							88,8,1	88,8,1							72,8,1							96,8,1							144,8,1													128,8,1	96,8,1							72,8,1	160,8,1	112,8,1	96,8,1	80,8,1	96,8,1	112,8,1	96,8,1	48,8,1	112,8,1	112,8,1	112,8,1
Tinh S­¬ng Chi M·nh Long TriÒn Thñ			120,8,1	120,8,1	88,8,1								120,8,1	120,8,1							88,8,1	88,8,1							72,8,1							96,8,1							144,8,1													128,8,1	96,8,1							72,8,1	160,8,1	112,8,1	96,8,1	80,8,1	96,8,1	112,8,1	96,8,1	48,8,1	112,8,1	112,8,1	112,8,1
Tinh S­¬ng Chi Ph¸ Lç C«n			120,8,1	120,8,1			88,8,1									120,8,1								88,8,1							56,8,1							120,8,1								96,8,1	96,8,1												104,8,1							112,8,1	96,8,1	80,8,1	96,8,1	112,8,1	96,8,1	48,8,1	112,8,1	112,8,1	112,8,1
Tinh S­¬ng Chi LuyÖn NhËt Th­¬ng			120,8,1	120,8,1			88,8,1									120,8,1								88,8,1							56,8,1							120,8,1								96,8,1	96,8,1												104,8,1							112,8,1	96,8,1	80,8,1	96,8,1	112,8,1	96,8,1	48,8,1	112,8,1	112,8,1	112,8,1
Tinh S­¬ng Chi Khèc Viªm B¶o §ao			120,8,1	120,8,1		88,8,1									120,8,1								88,8,1							64,8,1							88,8,1							128,8,1	112,8,1													96,8,1								112,8,1	96,8,1	80,8,1	96,8,1	112,8,1	96,8,1	48,8,1	112,8,1	112,8,1	112,8,1
Tinh S­¬ng Chi ChÊn San ThÇn KiÕm			120,8,1	120,8,1		88,8,1									120,8,1								88,8,1							64,8,1							88,8,1							128,8,1	112,8,1													96,8,1								112,8,1	96,8,1	80,8,1	96,8,1	112,8,1	96,8,1	48,8,1	112,8,1	112,8,1	112,8,1
Tinh S­¬ng Chi Qu©n Uy ThÇn KiÕm			120,8,1	120,8,1		88,8,1									120,8,1								88,8,1							64,8,1							88,8,1							128,8,1	112,8,1													96,8,1								112,8,1	96,8,1	80,8,1	96,8,1	112,8,1	96,8,1	48,8,1	112,8,1	112,8,1	112,8,1
Tinh S­¬ng Chi Minh L«I B¶o §ao			120,8,1	120,8,1		88,8,1									120,8,1								88,8,1							64,8,1							88,8,1							128,8,1	112,8,1													96,8,1								112,8,1	96,8,1	80,8,1	96,8,1	112,8,1	96,8,1	48,8,1	112,8,1	112,8,1	112,8,1
Tinh S­¬ng Chi Oanh Minh ThÇn KiÕm			120,8,1	120,8,1		88,8,1									120,8,1								88,8,1							64,8,1							88,8,1							128,8,1	112,8,1													96,8,1								112,8,1	96,8,1	80,8,1	96,8,1	112,8,1	96,8,1	48,8,1	112,8,1	112,8,1	112,8,1
Tinh S­¬ng Chi H¹o Thiªn KiÕm			120,8,1	120,8,1		88,8,1									120,8,1								88,8,1							64,8,1							88,8,1							128,8,1	112,8,1													96,8,1								112,8,1	96,8,1	80,8,1	96,8,1	112,8,1	96,8,1	48,8,1	112,8,1	112,8,1	112,8,1
Tinh S­¬ng Chi Thanh H­ KiÕm			120,8,1	120,8,1		88,8,1									120,8,1								88,8,1							64,8,1							88,8,1							128,8,1	112,8,1													96,8,1								112,8,1	96,8,1	80,8,1	96,8,1	112,8,1	96,8,1	48,8,1	112,8,1	112,8,1	112,8,1
NguyÖt KhuyÕt Chi Träng KiÕp TriÒn Thñ			120,8,1	120,8,1	88,8,1								120,8,1	120,8,1							88,8,1	88,8,1							72,8,1							96,8,1							144,8,1													128,8,1	96,8,1							72,8,1	160,8,1	112,8,1	96,8,1	80,8,1	96,8,1	112,8,1	96,8,1	48,8,1	112,8,1	112,8,1	112,8,1
NguyÖt KhuyÕt Chi S¸t KiÕp Ph¸p C«n			120,8,1	120,8,1			88,8,1									120,8,1								88,8,1							56,8,1							120,8,1								96,8,1	96,8,1												104,8,1							112,8,1	96,8,1	80,8,1	96,8,1	112,8,1	96,8,1	48,8,1	112,8,1	112,8,1	112,8,1
NguyÖt KhuyÕt Chi Ph¸ KiÕp Giíi §ao			120,8,1	120,8,1		88,8,1									120,8,1								88,8,1							64,8,1							88,8,1							128,8,1	112,8,1													96,8,1								112,8,1	96,8,1	80,8,1	96,8,1	112,8,1	96,8,1	48,8,1	112,8,1	112,8,1	112,8,1
NguyÖt KhuyÕt Chi PhÊn Vò ThÇn Chïy			120,8,1	120,8,1				88,8,1									120,8,1								88,8,1							96,8,1							144,8,1									128,8,1	96,8,1											128,8,1						112,8,1	96,8,1	80,8,1	96,8,1	112,8,1	96,8,1	48,8,1	112,8,1	112,8,1	112,8,1
NguyÖt KhuyÕt Chi Phong Yªn Th­¬ng			120,8,1	120,8,1			88,8,1									120,8,1								88,8,1							56,8,1							120,8,1								96,8,1	96,8,1												104,8,1							112,8,1	96,8,1	80,8,1	96,8,1	112,8,1	96,8,1	48,8,1	112,8,1	112,8,1	112,8,1
NguyÖt KhuyÕt Chi Tr­ëng Kh«ng B¶o §ao			120,8,1	120,8,1		88,8,1									120,8,1								88,8,1							64,8,1							88,8,1							128,8,1	112,8,1													96,8,1								112,8,1	96,8,1	80,8,1	96,8,1	112,8,1	96,8,1	48,8,1	112,8,1	112,8,1	112,8,1
NguyÖt KhuyÕt Chi Kinh Hång B¶o KiÕm																																																																											
NguyÖt KhuyÕt Chi HiÓu NguyÖt TriÒn Thñ																																																																											
NguyÖt KhuyÕt Chi T­¬ng T­ B¶o §ao																																																																											
NguyÖt KhuyÕt Chi Phãng NguyÖt Uyªn ¦¬ng §ao																																																																											
NguyÖt KhuyÕt Chi B¸ch §éc TriÒn Thñ			120,8,1	120,8,1	88,8,1								120,8,1	120,8,1							88,8,1	88,8,1							72,8,1							96,8,1							144,8,1													128,8,1	96,8,1							72,8,1	160,8,1	112,8,1	96,8,1	80,8,1	96,8,1	112,8,1	96,8,1	48,8,1	112,8,1	112,8,1	112,8,1
NguyÖt KhuyÕt Chi U Minh HuyÕt §ao			120,8,1	120,8,1		88,8,1									120,8,1								88,8,1							64,8,1							88,8,1							128,8,1	112,8,1													96,8,1								112,8,1	96,8,1	80,8,1	96,8,1	112,8,1	96,8,1	48,8,1	112,8,1	112,8,1	112,8,1
NguyÖt KhuyÕt Chi Th«I MÖnh Phi §ao			120,8,1	120,8,1	88,8,1								120,8,1	120,8,1							88,8,1	88,8,1							72,8,1							96,8,1							144,8,1													128,8,1	96,8,1							72,8,1	160,8,1	112,8,1	96,8,1	80,8,1	96,8,1	112,8,1	96,8,1	48,8,1	112,8,1	112,8,1	112,8,1
NguyÖt KhuyÕt Chi BÝ §éc Tô TiÔn			120,8,1	120,8,1	88,8,1								120,8,1	120,8,1							88,8,1	88,8,1							72,8,1							96,8,1							144,8,1													128,8,1	96,8,1							72,8,1	160,8,1	112,8,1	96,8,1	80,8,1	96,8,1	112,8,1	96,8,1	48,8,1	112,8,1	112,8,1	112,8,1
NguyÖt KhuyÕt Chi M¹n §å Phi Tiªu			120,8,1	120,8,1	88,8,1								120,8,1	120,8,1							88,8,1	88,8,1							72,8,1							96,8,1							144,8,1													128,8,1	96,8,1							72,8,1	160,8,1	112,8,1	96,8,1	80,8,1	96,8,1	112,8,1	96,8,1	48,8,1	112,8,1	112,8,1	112,8,1
NguyÖt KhuyÕt Chi XÝch Lòng TriÒn Thñ			120,8,1	120,8,1	88,8,1								120,8,1	120,8,1							88,8,1	88,8,1							72,8,1							96,8,1							144,8,1													128,8,1	96,8,1							72,8,1	160,8,1	112,8,1	96,8,1	80,8,1	96,8,1	112,8,1	96,8,1	48,8,1	112,8,1	112,8,1	112,8,1
NguyÖt KhuyÕt Chi Hµo KiÖt C«n			120,8,1	120,8,1			88,8,1									120,8,1								88,8,1							56,8,1							120,8,1								96,8,1	96,8,1												104,8,1							112,8,1	96,8,1	80,8,1	96,8,1	112,8,1	96,8,1	48,8,1	112,8,1	112,8,1	112,8,1
NguyÖt KhuyÕt Chi Tham Lang Th­¬ng			120,8,1	120,8,1			88,8,1									120,8,1								88,8,1							56,8,1							120,8,1								96,8,1	96,8,1												104,8,1							112,8,1	96,8,1	80,8,1	96,8,1	112,8,1	96,8,1	48,8,1	112,8,1	112,8,1	112,8,1
NguyÖt KhuyÕt Chi LiÖt D­¬ng B¶o §ao			120,8,1	120,8,1		88,8,1									120,8,1								88,8,1							64,8,1							88,8,1							128,8,1	112,8,1													96,8,1								112,8,1	96,8,1	80,8,1	96,8,1	112,8,1	96,8,1	48,8,1	112,8,1	112,8,1	112,8,1
NguyÖt KhuyÕt Chi Linh §éng ThÇn KiÕm			120,8,1	120,8,1		88,8,1									120,8,1								88,8,1							64,8,1							88,8,1							128,8,1	112,8,1													96,8,1								112,8,1	96,8,1	80,8,1	96,8,1	112,8,1	96,8,1	48,8,1	112,8,1	112,8,1	112,8,1
NguyÖt KhuyÕt Chi HuyÔn ¶nh ThÇn KiÕm			120,8,1	120,8,1		88,8,1									120,8,1								88,8,1							64,8,1							88,8,1							128,8,1	112,8,1													96,8,1								112,8,1	96,8,1	80,8,1	96,8,1	112,8,1	96,8,1	48,8,1	112,8,1	112,8,1	112,8,1
NguyÖt KhuyÕt Chi L¨ng Phãng B¶o §ao			120,8,1	120,8,1		88,8,1									120,8,1								88,8,1							64,8,1							88,8,1							128,8,1	112,8,1													96,8,1								112,8,1	96,8,1	80,8,1	96,8,1	112,8,1	96,8,1	48,8,1	112,8,1	112,8,1	112,8,1
NguyÖt KhuyÕt Chi Méc Vò ThÇn KiÕm			120,8,1	120,8,1		88,8,1									120,8,1								88,8,1							64,8,1							88,8,1							128,8,1	112,8,1													96,8,1								112,8,1	96,8,1	80,8,1	96,8,1	112,8,1	96,8,1	48,8,1	112,8,1	112,8,1	112,8,1
NguyÖt KhuyÕt Chi Thanh Phãng KiÕm			120,8,1	120,8,1		88,8,1									120,8,1								88,8,1							64,8,1							88,8,1							128,8,1	112,8,1													96,8,1								112,8,1	96,8,1	80,8,1	96,8,1	112,8,1	96,8,1	48,8,1	112,8,1	112,8,1	112,8,1
NguyÖt KhuyÕt Chi DËt ¶nh KiÕm			120,8,1	120,8,1		88,8,1									120,8,1								88,8,1							64,8,1							88,8,1							128,8,1	112,8,1													96,8,1								112,8,1	96,8,1	80,8,1	96,8,1	112,8,1	96,8,1	48,8,1	112,8,1	112,8,1	112,8,1
DiÖu D­¬ng Chi Méng Long TriÒn Thñ			120,8,1	120,8,1	88,8,1								120,8,1	120,8,1							88,8,1	88,8,1							72,8,1							96,8,1							144,8,1													128,8,1	96,8,1							72,8,1	160,8,1	112,8,1	96,8,1	80,8,1	96,8,1	112,8,1	96,8,1	48,8,1	112,8,1	112,8,1	112,8,1
DiÖu D­¬ng Chi Phôc Ma Ph¸p C«n			120,8,1	120,8,1			88,8,1									120,8,1								88,8,1							56,8,1							120,8,1								96,8,1	96,8,1												104,8,1							112,8,1	96,8,1	80,8,1	96,8,1	112,8,1	96,8,1	48,8,1	112,8,1	112,8,1	112,8,1
DiÖu D­¬ng Chi Tø Kh«ng Giíi §ao			120,8,1	120,8,1		88,8,1									120,8,1								88,8,1							64,8,1							88,8,1							128,8,1	112,8,1													96,8,1								112,8,1	96,8,1	80,8,1	96,8,1	112,8,1	96,8,1	48,8,1	112,8,1	112,8,1	112,8,1
DiÖu D­¬ng Chi H¸m Thiªn ThÇn Chóy			120,8,1	120,8,1				88,8,1									120,8,1								88,8,1							96,8,1							144,8,1									128,8,1	96,8,1											128,8,1						112,8,1	96,8,1	80,8,1	96,8,1	112,8,1	96,8,1	48,8,1	112,8,1	112,8,1	112,8,1
DiÖu D­¬ng Chi KÕ NghiÖp Th­¬ng			120,8,1	120,8,1			88,8,1									120,8,1								88,8,1							56,8,1							120,8,1								96,8,1	96,8,1												104,8,1							112,8,1	96,8,1	80,8,1	96,8,1	112,8,1	96,8,1	48,8,1	112,8,1	112,8,1	112,8,1
DiÖu D­¬ng Chi Ngù Long B¶o §ao			120,8,1	120,8,1		88,8,1									120,8,1								88,8,1							64,8,1							88,8,1							128,8,1	112,8,1													96,8,1								112,8,1	96,8,1	80,8,1	96,8,1	112,8,1	96,8,1	48,8,1	112,8,1	112,8,1	112,8,1
DiÖu D­¬ng Chi V« D¶n B¶o KiÕm																																																																											
DiÖu D­¬ng Chi V« YÓm TriÒn Thñ																																																																											
DiÖu D­¬ng Chi Tª Hoµng B¶o §ao																																																																											
DiÖu D­¬ng Chi BÝch H¶i Uyªn ¦¬ng §ao																																																																											
DiÖu D­¬ng Chi U Lung TriÒn Thñ			120,8,1	120,8,1	88,8,1								120,8,1	120,8,1							88,8,1	88,8,1							72,8,1							96,8,1							144,8,1													128,8,1	96,8,1							72,8,1	160,8,1	112,8,1	96,8,1	80,8,1	96,8,1	112,8,1	96,8,1	48,8,1	112,8,1	112,8,1	112,8,1
DiÖu D­¬ng Chi Minh HuyÔn HuyÕt §ao			120,8,1	120,8,1		88,8,1									120,8,1								88,8,1							64,8,1							88,8,1							128,8,1	112,8,1													96,8,1								112,8,1	96,8,1	80,8,1	96,8,1	112,8,1	96,8,1	48,8,1	112,8,1	112,8,1	112,8,1
DiÖu D­¬ng Chi B¨ng Hµn Phi §ao			120,8,1	120,8,1	88,8,1								120,8,1	120,8,1							88,8,1	88,8,1							72,8,1							96,8,1							144,8,1													128,8,1	96,8,1							72,8,1	160,8,1	112,8,1	96,8,1	80,8,1	96,8,1	112,8,1	96,8,1	48,8,1	112,8,1	112,8,1	112,8,1
DiÖu D­¬ng Chi Thiªn Quang Tô TiÔn			120,8,1	120,8,1	88,8,1								120,8,1	120,8,1							88,8,1	88,8,1							72,8,1							96,8,1							144,8,1													128,8,1	96,8,1							72,8,1	160,8,1	112,8,1	96,8,1	80,8,1	96,8,1	112,8,1	96,8,1	48,8,1	112,8,1	112,8,1	112,8,1
DiÖu D­¬ng Chi S©m Hoµng Phi Tiªu			120,8,1	120,8,1	88,8,1								120,8,1	120,8,1							88,8,1	88,8,1							72,8,1							96,8,1							144,8,1													128,8,1	96,8,1							72,8,1	160,8,1	112,8,1	96,8,1	80,8,1	96,8,1	112,8,1	96,8,1	48,8,1	112,8,1	112,8,1	112,8,1
DiÖu D­¬ng Chi §ång Cõu TriÒn Thñ			120,8,1	120,8,1	88,8,1								120,8,1	120,8,1							88,8,1	88,8,1							72,8,1							96,8,1							144,8,1													128,8,1	96,8,1							72,8,1	160,8,1	112,8,1	96,8,1	80,8,1	96,8,1	112,8,1	96,8,1	48,8,1	112,8,1	112,8,1	112,8,1
DiÖu D­¬ng Chi §Þch HÊt C«n			120,8,1	120,8,1			88,8,1									120,8,1								88,8,1							56,8,1							120,8,1								96,8,1	96,8,1												104,8,1							112,8,1	96,8,1	80,8,1	96,8,1	112,8,1	96,8,1	48,8,1	112,8,1	112,8,1	112,8,1
DiÖu D­¬ng Chi Ma S¸t Th­¬ng			120,8,1	120,8,1			88,8,1									120,8,1								88,8,1							56,8,1							120,8,1								96,8,1	96,8,1												104,8,1							112,8,1	96,8,1	80,8,1	96,8,1	112,8,1	96,8,1	48,8,1	112,8,1	112,8,1	112,8,1
DiÖu D­¬ng Chi Ma Hoµng B¶o §ao			120,8,1	120,8,1		88,8,1									120,8,1								88,8,1							64,8,1							88,8,1							128,8,1	112,8,1													96,8,1								112,8,1	96,8,1	80,8,1	96,8,1	112,8,1	96,8,1	48,8,1	112,8,1	112,8,1	112,8,1
DiÖu D­¬ng Chi L¨ng Nh¹c ThÇn KiÕm			120,8,1	120,8,1		88,8,1									120,8,1								88,8,1							64,8,1							88,8,1							128,8,1	112,8,1													96,8,1								112,8,1	96,8,1	80,8,1	96,8,1	112,8,1	96,8,1	48,8,1	112,8,1	112,8,1	112,8,1
DiÖu D­¬ng Chi CËp Phong ThÇn KiÕm			120,8,1	120,8,1		88,8,1									120,8,1								88,8,1							64,8,1							88,8,1							128,8,1	112,8,1													96,8,1								112,8,1	96,8,1	80,8,1	96,8,1	112,8,1	96,8,1	48,8,1	112,8,1	112,8,1	112,8,1
DiÖu D­¬ng Chi S­¬ng Tinh B¶o §ao			120,8,1	120,8,1		88,8,1									120,8,1								88,8,1							64,8,1							88,8,1							128,8,1	112,8,1													96,8,1								112,8,1	96,8,1	80,8,1	96,8,1	112,8,1	96,8,1	48,8,1	112,8,1	112,8,1	112,8,1
DiÖu D­¬ng Chi L«i Khung ThÇn KiÕm			120,8,1	120,8,1		88,8,1									120,8,1								88,8,1							64,8,1							88,8,1							128,8,1	112,8,1													96,8,1								112,8,1	96,8,1	80,8,1	96,8,1	112,8,1	96,8,1	48,8,1	112,8,1	112,8,1	112,8,1
DiÖu D­¬ng Chi Phï V©n KiÕm			120,8,1	120,8,1		88,8,1									120,8,1								88,8,1							64,8,1							88,8,1							128,8,1	112,8,1													96,8,1								112,8,1	96,8,1	80,8,1	96,8,1	112,8,1	96,8,1	48,8,1	112,8,1	112,8,1	112,8,1
DiÖu D­¬ng Chi Trïng V©n KiÕm			120,8,1	120,8,1		88,8,1									120,8,1								88,8,1							64,8,1							88,8,1							128,8,1	112,8,1													96,8,1								112,8,1	96,8,1	80,8,1	96,8,1	112,8,1	96,8,1	48,8,1	112,8,1	112,8,1	112,8,1
Anh Hµo Chi ThiÕu L©m Thñ			120,8,1	120,8,1	88,8,1								120,8,1	120,8,1							88,8,1	88,8,1							72,8,1							96,8,1							144,8,1													128,8,1	96,8,1							72,8,1	160,8,1	112,8,1	96,8,1	80,8,1	96,8,1	112,8,1	96,8,1	48,8,1	112,8,1	112,8,1	112,8,1
Anh Hµo Chi ThiÕu L©m C«n			120,8,1	120,8,1			88,8,1									120,8,1								88,8,1							56,8,1							120,8,1								96,8,1	96,8,1												104,8,1							112,8,1	96,8,1	80,8,1	96,8,1	112,8,1	96,8,1	48,8,1	112,8,1	112,8,1	112,8,1
Anh Hµo Chi ThiÕu L©m §ao			120,8,1	120,8,1		88,8,1									120,8,1								88,8,1							64,8,1							88,8,1							128,8,1	112,8,1													96,8,1								112,8,1	96,8,1	80,8,1	96,8,1	112,8,1	96,8,1	48,8,1	112,8,1	112,8,1	112,8,1
Anh Hµo Chi Thiªn V­¬ng Chïy			120,8,1	120,8,1				88,8,1									120,8,1								88,8,1							96,8,1							144,8,1									128,8,1	96,8,1											128,8,1						112,8,1	96,8,1	80,8,1	96,8,1	112,8,1	96,8,1	48,8,1	112,8,1	112,8,1	112,8,1
Anh Hµo Chi Thiªn V­¬ng Th­¬ng			120,8,1	120,8,1			88,8,1									120,8,1								88,8,1							56,8,1							120,8,1								96,8,1	96,8,1												104,8,1							112,8,1	96,8,1	80,8,1	96,8,1	112,8,1	96,8,1	48,8,1	112,8,1	112,8,1	112,8,1
Anh Hµo Chi Thiªn V­¬ng §ao			120,8,1	120,8,1		88,8,1									120,8,1								88,8,1							64,8,1							88,8,1							128,8,1	112,8,1													96,8,1								112,8,1	96,8,1	80,8,1	96,8,1	112,8,1	96,8,1	48,8,1	112,8,1	112,8,1	112,8,1
Anh Hµo Chi Nga Mi KiÕm																																																																											
Anh Hµo Chi Nga Mi Thñ																																																																											
Anh Hµo Chi Thóy Yªn §¬n §ao																																																																											
Anh Hµo Chi Thóy Yªn Song §ao																																																																											
Anh Hµo Chi Ngò §éc Thñ			120,8,1	120,8,1	88,8,1								120,8,1	120,8,1							88,8,1	88,8,1							72,8,1							96,8,1							144,8,1													128,8,1	96,8,1							72,8,1	160,8,1	112,8,1	96,8,1	80,8,1	96,8,1	112,8,1	96,8,1	48,8,1	112,8,1	112,8,1	112,8,1
Anh Hµo Chi Ngò §éc §ao			120,8,1	120,8,1		88,8,1									120,8,1								88,8,1							64,8,1							88,8,1							128,8,1	112,8,1													96,8,1								112,8,1	96,8,1	80,8,1	96,8,1	112,8,1	96,8,1	48,8,1	112,8,1	112,8,1	112,8,1
Anh Hµo Chi §­êng M«n Phi §ao			120,8,1	120,8,1	88,8,1								120,8,1	120,8,1							88,8,1	88,8,1							72,8,1							96,8,1							144,8,1													128,8,1	96,8,1							72,8,1	160,8,1	112,8,1	96,8,1	80,8,1	96,8,1	112,8,1	96,8,1	48,8,1	112,8,1	112,8,1	112,8,1
Anh Hµo Chi §­êng M«n Tô TiÔn			120,8,1	120,8,1	88,8,1								120,8,1	120,8,1							88,8,1	88,8,1							72,8,1							96,8,1							144,8,1													128,8,1	96,8,1							72,8,1	160,8,1	112,8,1	96,8,1	80,8,1	96,8,1	112,8,1	96,8,1	48,8,1	112,8,1	112,8,1	112,8,1
Anh Hµo Chi §­êng M«n Phi Tiªu			120,8,1	120,8,1	88,8,1								120,8,1	120,8,1							88,8,1	88,8,1							72,8,1							96,8,1							144,8,1													128,8,1	96,8,1							72,8,1	160,8,1	112,8,1	96,8,1	80,8,1	96,8,1	112,8,1	96,8,1	48,8,1	112,8,1	112,8,1	112,8,1
Anh Hµo Chi C¸I Bang TriÒn Thñ			120,8,1	120,8,1	88,8,1								120,8,1	120,8,1							88,8,1	88,8,1							72,8,1							96,8,1							144,8,1													128,8,1	96,8,1							72,8,1	160,8,1	112,8,1	96,8,1	80,8,1	96,8,1	112,8,1	96,8,1	48,8,1	112,8,1	112,8,1	112,8,1
Anh Hµo Chi C¸I Bang C«n			120,8,1	120,8,1			88,8,1									120,8,1								88,8,1							56,8,1							120,8,1								96,8,1	96,8,1												104,8,1							112,8,1	96,8,1	80,8,1	96,8,1	112,8,1	96,8,1	48,8,1	112,8,1	112,8,1	112,8,1
Anh Hµo Chi Thiªn NhÉn Th­¬ng			120,8,1	120,8,1			88,8,1									120,8,1								88,8,1							56,8,1							120,8,1								96,8,1	96,8,1												104,8,1							112,8,1	96,8,1	80,8,1	96,8,1	112,8,1	96,8,1	48,8,1	112,8,1	112,8,1	112,8,1
Anh Hµo Chi Thiªn NhÉn §ao			120,8,1	120,8,1		88,8,1									120,8,1								88,8,1							64,8,1							88,8,1							128,8,1	112,8,1													96,8,1								112,8,1	96,8,1	80,8,1	96,8,1	112,8,1	96,8,1	48,8,1	112,8,1	112,8,1	112,8,1
Anh Hµo Chi Vâ §ang KiÕm			120,8,1	120,8,1		88,8,1									120,8,1								88,8,1							64,8,1							88,8,1							128,8,1	112,8,1													96,8,1								112,8,1	96,8,1	80,8,1	96,8,1	112,8,1	96,8,1	48,8,1	112,8,1	112,8,1	112,8,1
Anh Hµo Chi Vâ §ang KiÕm			120,8,1	120,8,1		88,8,1									120,8,1								88,8,1							64,8,1							88,8,1							128,8,1	112,8,1													96,8,1								112,8,1	96,8,1	80,8,1	96,8,1	112,8,1	96,8,1	48,8,1	112,8,1	112,8,1	112,8,1
Anh Hµo Chi C«n L«n §ao			120,8,1	120,8,1		88,8,1									120,8,1								88,8,1							64,8,1							88,8,1							128,8,1	112,8,1													96,8,1								112,8,1	96,8,1	80,8,1	96,8,1	112,8,1	96,8,1	48,8,1	112,8,1	112,8,1	112,8,1
Anh Hµo Chi C«n L«n KiÕm			120,8,1	120,8,1		88,8,1									120,8,1								88,8,1							64,8,1							88,8,1							128,8,1	112,8,1													96,8,1								112,8,1	96,8,1	80,8,1	96,8,1	112,8,1	96,8,1	48,8,1	112,8,1	112,8,1	112,8,1
Anh Hµo Chi Hoa S¬n KiÕm			120,8,1	120,8,1		88,8,1									120,8,1								88,8,1							64,8,1							88,8,1							128,8,1	112,8,1													96,8,1								112,8,1	96,8,1	80,8,1	96,8,1	112,8,1	96,8,1	48,8,1	112,8,1	112,8,1	112,8,1
Anh Hµo Chi Hoa S¬n KiÕm			120,8,1	120,8,1		88,8,1									120,8,1								88,8,1							64,8,1							88,8,1							128,8,1	112,8,1													96,8,1								112,8,1	96,8,1	80,8,1	96,8,1	112,8,1	96,8,1	48,8,1	112,8,1	112,8,1	112,8,1
Vò Hån Vò KhÝ §ao 1	120,8,1	120,8,1							120,8,1	120,8,1								248,8,1	248,8,1							96,8,1	96,8,1						104,8,1	104,8,1						104,8,1	104,8,1									232,8,1	192,8,1	232,8,1	192,8,1								176,8,1	176,8,1				112,8,1	96,8,1	80,8,1	96,8,1	112,8,1	96,8,1	48,8,1	112,8,1	112,8,1	112,8,1
Vò Hån Vò KhÝ ThuÉn 1	120,8,1	120,8,1							120,8,1	120,8,1								248,8,1	248,8,1							96,8,1	96,8,1						104,8,1	104,8,1						104,8,1	104,8,1									232,8,1	192,8,1	232,8,1	192,8,1								176,8,1	176,8,1				112,8,1	96,8,1	80,8,1	96,8,1	112,8,1	96,8,1	48,8,1	112,8,1	112,8,1	112,8,1
Vò Hån Vò KhÝ §ao 2	120,8,1	120,8,1							120,8,1	120,8,1								248,8,1	248,8,1							96,8,1	96,8,1						104,8,1	104,8,1						104,8,1	104,8,1									232,8,1	192,8,1	232,8,1	192,8,1								176,8,1	176,8,1				112,8,1	96,8,1	80,8,1	96,8,1	112,8,1	96,8,1	48,8,1	112,8,1	112,8,1	112,8,1
Vò Hån Vò KhÝ ThuÉn 2	120,8,1	120,8,1							120,8,1	120,8,1								248,8,1	248,8,1							96,8,1	96,8,1						104,8,1	104,8,1						104,8,1	104,8,1									232,8,1	192,8,1	232,8,1	192,8,1								176,8,1	176,8,1				112,8,1	96,8,1	80,8,1	96,8,1	112,8,1	96,8,1	48,8,1	112,8,1	112,8,1	112,8,1
Vò Hån NguyÖt KhuyÕt §ao	120,8,1	120,8,1							120,8,1	120,8,1								248,8,1	248,8,1							96,8,1	96,8,1						104,8,1	104,8,1						104,8,1	104,8,1									232,8,1	192,8,1	232,8,1	192,8,1								176,8,1	176,8,1				112,8,1	96,8,1	80,8,1	96,8,1	112,8,1	96,8,1	48,8,1	112,8,1	112,8,1	112,8,1
Vò Hån NguyÖt KhuyÕt ThuÉn	120,8,1	120,8,1							120,8,1	120,8,1								248,8,1	248,8,1							96,8,1	96,8,1						104,8,1	104,8,1						104,8,1	104,8,1									232,8,1	192,8,1	232,8,1	192,8,1								176,8,1	176,8,1				112,8,1	96,8,1	80,8,1	96,8,1	112,8,1	96,8,1	48,8,1	112,8,1	112,8,1	112,8,1
Vò Hån DiÖu D­¬ng §ao	120,8,1	120,8,1							120,8,1	120,8,1								248,8,1	248,8,1							96,8,1	96,8,1						104,8,1	104,8,1						104,8,1	104,8,1									232,8,1	192,8,1	232,8,1	192,8,1								176,8,1	176,8,1				112,8,1	96,8,1	80,8,1	96,8,1	112,8,1	96,8,1	48,8,1	112,8,1	112,8,1	112,8,1
Vò Hån DiÖu D­¬ng ThuÉn	120,8,1	120,8,1							120,8,1	120,8,1								248,8,1	248,8,1							96,8,1	96,8,1						104,8,1	104,8,1						104,8,1	104,8,1									232,8,1	192,8,1	232,8,1	192,8,1								176,8,1	176,8,1				112,8,1	96,8,1	80,8,1	96,8,1	112,8,1	96,8,1	48,8,1	112,8,1	112,8,1	112,8,1
Vò Hån T©n Thñ Vò KhÝ §ao	120,8,1	120,8,1							120,8,1	120,8,1								248,8,1	248,8,1							96,8,1	96,8,1						104,8,1	104,8,1						104,8,1	104,8,1									232,8,1	192,8,1	232,8,1	192,8,1								176,8,1	176,8,1				112,8,1	96,8,1	80,8,1	96,8,1	112,8,1	96,8,1	48,8,1	112,8,1	112,8,1	112,8,1
Vò Hån T©n Thñ Vò KhÝ ThuÉn	120,8,1	120,8,1							120,8,1	120,8,1								248,8,1	248,8,1							96,8,1	96,8,1						104,8,1	104,8,1						104,8,1	104,8,1									232,8,1	192,8,1	232,8,1	192,8,1								176,8,1	176,8,1				112,8,1	96,8,1	80,8,1	96,8,1	112,8,1	96,8,1	48,8,1	112,8,1	112,8,1	112,8,1
Anh Hµo Chi Vò Hån ThuÉn Ph¸p	120,8,1	120,8,1							120,8,1	120,8,1								248,8,1	248,8,1							96,8,1	96,8,1						104,8,1	104,8,1						104,8,1	104,8,1									232,8,1	192,8,1	232,8,1	192,8,1								176,8,1	176,8,1				112,8,1	96,8,1	80,8,1	96,8,1	112,8,1	96,8,1	48,8,1	112,8,1	112,8,1	112,8,1
Anh Hµo Chi Vò Hån §ao Ph¸p	120,8,1	120,8,1							120,8,1	120,8,1								248,8,1	248,8,1							96,8,1	96,8,1						104,8,1	104,8,1						104,8,1	104,8,1									232,8,1	192,8,1	232,8,1	192,8,1								176,8,1	176,8,1				112,8,1	96,8,1	80,8,1	96,8,1	112,8,1	96,8,1	48,8,1	112,8,1	112,8,1	112,8,1
Tiªu Dao KiÕm 1			120,8,1	120,8,1		88,8,1									120,8,1								88,8,1							64,8,1							88,8,1							128,8,1	112,8,1													96,8,1								112,8,1	96,8,1	80,8,1	96,8,1	112,8,1	96,8,1	48,8,1	112,8,1	112,8,1	112,8,1
Tiªu Dao KiÕm 2			120,8,1	120,8,1		88,8,1									120,8,1								88,8,1							64,8,1							88,8,1							128,8,1	112,8,1													96,8,1								112,8,1	96,8,1	80,8,1	96,8,1	112,8,1	96,8,1	48,8,1	112,8,1	112,8,1	112,8,1
Tiªu Dao KiÕm 3			120,8,1	120,8,1		88,8,1									120,8,1								88,8,1							64,8,1							88,8,1							128,8,1	112,8,1													96,8,1								112,8,1	96,8,1	80,8,1	96,8,1	112,8,1	96,8,1	48,8,1	112,8,1	112,8,1	112,8,1
Tiªu Dao KiÕm 4			120,8,1	120,8,1		88,8,1									120,8,1								88,8,1							64,8,1							88,8,1							128,8,1	112,8,1													96,8,1								112,8,1	96,8,1	80,8,1	96,8,1	112,8,1	96,8,1	48,8,1	112,8,1	112,8,1	112,8,1
Tiªu Dao CÇm 1											88,8,1	88,8,1								96,8,1								88,8,1							56,8,1							120,8,1												80,8,1	184,8,1								96,8,1			112,8,1	96,8,1	80,8,1	96,8,1	112,8,1	96,8,1	48,8,1	112,8,1	112,8,1	112,8,1
Tiªu Dao CÇm 2											88,8,1	88,8,1								96,8,1								88,8,1							56,8,1							120,8,1												80,8,1	184,8,1								96,8,1			112,8,1	96,8,1	80,8,1	96,8,1	112,8,1	96,8,1	48,8,1	112,8,1	112,8,1	112,8,1
Tiªu Dao CÇm 3											88,8,1	88,8,1								96,8,1								88,8,1							56,8,1							120,8,1												80,8,1	184,8,1								96,8,1			112,8,1	96,8,1	80,8,1	96,8,1	112,8,1	96,8,1	48,8,1	112,8,1	112,8,1	112,8,1
Tiªu Dao CÇm 4											88,8,1	88,8,1								96,8,1								88,8,1							56,8,1							120,8,1												80,8,1	184,8,1								96,8,1			112,8,1	96,8,1	80,8,1	96,8,1	112,8,1	96,8,1	48,8,1	112,8,1	112,8,1	112,8,1
null																																																																											
