ǰ׺	Ƿǰ׺	Ҫ	ȼҪ	Ե	1Сֵ	1ֵ	2Сֵ	2ֵ	3Сֵ	3ֵ	Ч˵				ָ		ѥ		ͷ		׹	
STVL Ngoi cng	1		1	126	30	30	-1	-1	6	6	˺ǿ	100000	100000	0	0	0	0	0	0	0	0	0
STVL Ngoi cng	1		2	126	60	60	-1	-1	6	6	˺ǿ	200000	200000	0	0	0	0	0	0	0	0	0
STVL Ngoi cng	1		3	126	90	90	-1	-1	6	6	˺ǿ	300000	300000	0	0	0	0	0	0	0	0	0
STVL Ngoi cng	1		4	126	120	120	-1	-1	6	6	˺ǿ	400000	400000	0	0	0	0	0	0	0	0	0
STVL Ngoi cng	1		5	126	140	150	-1	-1	6	6	˺ǿ	500000	500000	0	0	0	0	0	0	0	0	0
STVL Ngoi cng	1		6	126	150	180	-1	-1	6	6	˺ǿ	600000	600000	0	0	0	0	0	0	0	0	0
STVL Ngoi cng	1		7	126	160	210	-1	-1	6	6	˺ǿ	700000	700000	0	0	0	0	0	0	0	0	0
STVL Ngoi cng	1		8	126	170	240	-1	-1	6	6	˺ǿ	800000	800000	0	0	0	0	0	0	0	0	0
STVL Ngoi cng	1		9	126	180	270	-1	-1	6	6	˺ǿ	900000	900000	0	0	0	0	0	0	0	0	0
STVL Ngoi cng	1		10	126	190	300	-1	-1	6	6	˺ǿ	1000000	1000000	0	0	0	0	0	0	0	0	0
Tng chnh xc	1		1	166	90	90	-1	-1	0	0		100000	100000	0	0	0	0	0	0	0	0	0
Tng chnh xc	1		2	166	180	180	-1	-1	0	0		200000	200000	0	0	0	0	0	0	0	0	0
Tng chnh xc	1		3	166	270	270	-1	-1	0	0		300000	300000	0	0	0	0	0	0	0	0	0
Tng chnh xc	1		4	166	290	360	-1	-1	0	0		400000	400000	0	0	0	0	0	0	0	0	0
Tng chnh xc	1		5	166	420	450	-1	-1	0	0		500000	500000	0	0	0	0	0	0	0	0	0
Tng chnh xc	1		6	166	450	540	-1	-1	0	0		600000	600000	0	0	0	0	0	0	0	0	0
Tng chnh xc	1		7	166	580	630	-1	-1	0	0		700000	700000	0	0	0	0	0	0	0	0	0
Tng chnh xc	1		8	166	610	720	-1	-1	0	0		800000	800000	0	0	0	0	0	0	0	0	0
Tng chnh xc	1		9	166	740	810	-1	-1	0	0		900000	900000	0	0	0	0	0	0	0	0	0
Tng chnh xc	1		10	166	870	900	-1	-1	0	0		1000000	1000000	0	0	0	0	0	0	0	0	0
Tc  nh ngoi cng	1		2	115	40	45	-1	-1	0	0	ӹٶ	100000	100000	0	0	0	0	0	0	0	0	0
Tc  nh ngoi cng	1		5	115	55	60	-1	-1	0	0	ӹٶ	200000	200000	0	0	0	0	0	0	0	0	0
Tc  nh ngoi cng	1		10	115	60	90	-1	-1	0	0	ӹٶ	500000	500000	0	0	0	0	0	0	0	0	0
Tc  nh ni cng	1		5	116	30	40	-1	-1	0	0	ӹٶ	100000	100000	0	0	0	0	0	0	0	0	0
Tc  nh ni cng	1		10	116	40	60	-1	-1	0	0	ӹٶ	500000	500000	0	0	0	0	0	0	0	0	0
B qua n trnh	1		10	58	1	1	-1	-1	0	0	Զַ	100000	100000	0	0	0	0	0	0	0	0	0
Khng th ph hy	1		10	43	1	1	-1	-1	0	0	ĥ	100000	100000	100000	0	0	10000	10000	10000	10000	0	0
Tng phng th i a	1		1	150	90	90	-1	-1	0	0	ӷǿ	0	0	0	0	0	0	0	0	0	0	0
Tng phng th i a	1		2	150	120	120	-1	-1	0	0	ӷǿ	0	0	0	0	0	0	0	0	0	0	0
Tng phng th i a	1		3	150	140	150	-1	-1	0	0	ӷǿ	0	0	0	0	0	0	0	0	0	0	0
Tng phng th i a	1		4	150	150	180	-1	-1	0	0	ӷǿ	0	0	0	0	0	0	0	0	0	0	0
Tng phng th i a	1		5	150	160	210	-1	-1	0	0	ӷǿ	0	0	0	0	0	0	0	0	0	0	0
Tng phng th i a	1		6	150	170	245	-1	-1	0	0	ӷǿ	0	0	0	0	0	0	0	0	0	0	0
Tng phng th i a	1		7	150	285	310	-1	-1	0	0	ӷǿ	0	0	0	0	0	0	0	0	0	0	0
Tng phng th i a	1		8	150	410	450	-1	-1	0	0	ӷǿ	0	0	0	0	0	0	0	0	0	0	0
Tng phng th i a	1		9	150	550	600	-1	-1	0	0	ӷǿ	0	0	0	0	0	0	0	0	0	0	0
Tng phng th i a	1		10	150	600	750	-1	-1	0	0	ӷǿ	0	0	0	0	0	0	0	0	0	0	0
Tng tc  chy	1		2	111	30	35	-1	-1	0	0	ӿ·/ܲٶ	0	0	0	0	0	500000	0	0	0	0	0
Tng tc  chy	1		4	111	35	40	-1	-1	0	0	ӿ·/ܲٶ	0	0	0	0	0	500000	0	0	0	0	0
Tng tc  chy	1		6	111	40	45	-1	-1	0	0	ӿ·/ܲٶ	0	0	0	0	0	500000	0	0	0	0	0
Tng tc  chy	1		8	111	45	60	-1	-1	0	0	ӿ·/ܲٶ	0	0	0	0	0	500000	0	0	0	0	0
Tng tc  chy	1		10	111	60	80	-1	-1	0	0	ӿ·/ܲٶ	0	0	0	0	0	500000	0	0	0	0	0
Phn n Vt l	1		3	117	31	40	-1	-1	0	0		0	0	100000	0	0	0	0	0	0	0	0
Phn n Vt l	1		9	117	40	60	-1	-1	0	0		0	0	100000	0	0	0	0	0	0	0	0
Thi gian phc hi	1		3	113	20	40	-1	-1	0	0	ٴظ	0	0	250000	0	0	0	0	0	0	0	0
Thi gian phc hi	1		6	113	40	60	-1	-1	0	0	ٴظ	0	0	250000	0	0	0	0	0	0	0	0
Thi gian phc hi	1		9	113	60	80	-1	-1	0	0	ٴظ	0	0	250000	0	0	0	0	0	0	0	0
Tng phm vi st thng	1		1	112	1	1	-1	-1	0	0	ӺڰҰΧ	0	0	0	0	0	0	0	0	0	0	0
Tng phm vi st thng	1		2	112	2	2	-1	-1	0	0	ӺڰҰΧ	0	0	0	0	0	0	0	0	0	0	0
Tng phm vi st thng	1		3	112	3	3	-1	-1	0	0	ӺڰҰΧ	0	0	0	0	0	0	0	0	0	0	0
Tng phm vi st thng	1		4	112	4	4	-1	-1	0	0	ӺڰҰΧ	0	0	0	0	0	0	0	0	0	0	0
Tng phm vi st thng	1		5	112	5	5	-1	-1	0	0	ӺڰҰΧ	0	0	0	0	0	0	0	0	0	0	0
Tng phm vi st thng	1		6	112	6	6	-1	-1	0	0	ӺڰҰΧ	0	0	0	0	0	0	0	0	0	0	0
K nng vn c	1		5	139	1	2	-1	-1	0	0	Ӽ	10000	10000	0	10000	0	0	0	0	0	0	0
K nng vn c	1		10	139	1	3	-1	-1	0	0	Ӽ	2000	2000	0	2000	0	0	0	0	0	0	0
tng phng th vt l	1		1	114	18	20	-1	-1	0	0	ķ	0	0	0	0	100000	0	0	0	0	0	0
tng phng th vt l	1		2	114	18	20	-1	-1	0	0	ķ	0	0	0	0	100000	0	0	0	0	0	0
tng phng th vt l	1		3	114	18	20	-1	-1	0	0	ķ	0	0	0	0	100000	0	0	0	0	0	0
tng phng th vt l	1		4	114	20	24	-1	-1	0	0	ķ	0	0	0	0	100000	0	0	0	0	0	0
tng phng th vt l	1		5	114	28	30	-1	-1	0	0	ķ	0	0	0	0	100000	0	0	0	0	0	0
tng phng th vt l	1		6	114	30	36	-1	-1	0	0	ķ	0	0	0	0	100000	0	0	0	0	0	0
tng phng th vt l	1		7	114	36	42	-1	-1	0	0	ķ	0	0	0	0	100000	0	0	0	0	0	0
tng phng th vt l	1		8	114	42	48	-1	-1	0	0	ķ	0	0	0	0	100000	0	0	0	0	0	0
tng phng th vt l	1		9	114	48	54	-1	-1	0	0	ķ	0	0	0	0	100000	0	0	0	0	0	0
tng phng th vt l	1		10	114	54	60	-1	-1	0	0	ķ	0	0	0	0	100000	0	0	0	0	0	0
ht Sinh lc	1		2	136	1	9	-1	-1	0	0	͵Ѫ	120000	120000	0	0	0	0	0	0	0	0	0
ht Sinh lc	1		5	136	3	10	-1	-1	0	0	͵Ѫ	120000	120000	0	0	0	0	0	0	0	0	0
ht Sinh lc	1		7	136	5	12	-1	-1	0	0	͵Ѫ	120000	120000	0	0	0	0	0	0	0	0	0
ht Sinh lc	1		10	136	7	15	-1	-1	0	0	͵Ѫ	120000	120000	0	0	0	0	0	0	0	0	0
ht Ni lc	1		2	137	1	9	-1	-1	0	0	͵	160000	160000	0	0	0	0	0	0	0	0	0
ht Ni lc	1		5	137	3	10	-1	-1	0	0	͵	160000	160000	0	0	0	0	0	0	0	0	0
ht Ni lc	1		7	137	5	12	-1	-1	0	0	͵	160000	160000	0	0	0	0	0	0	0	0	0
ht Ni lc	1		10	137	7	15	-1	-1	0	0	͵	160000	160000	0	0	0	0	0	0	0	0	0
Tng Sinh lc	1		1	85	200	220	-1	-1	0	0	ֵ	200000	200000	200000	200000	200000	200000	200000	200000	200000	200000	0
Tng Sinh lc	1		2	85	220	240	-1	-1	0	0	ֵ	200000	200000	200000	200000	200000	200000	200000	200000	200000	200000	0
Tng Sinh lc	1		3	85	240	260	-1	-1	0	0	ֵ	200000	200000	200000	200000	200000	200000	200000	200000	200000	200000	0
Tng Sinh lc	1		4	85	260	280	-1	-1	0	0	ֵ	200000	200000	200000	200000	200000	200000	200000	200000	200000	200000	0
Tng Sinh lc	1		5	85	280	300	-1	-1	0	0	ֵ	200000	200000	200000	200000	200000	200000	200000	200000	200000	200000	0
Tng Sinh lc	1		6	85	300	360	-1	-1	0	0	ֵ	200000	200000	200000	200000	200000	200000	200000	200000	200000	200000	0
Tng Sinh lc	1		7	85	360	420	-1	-1	0	0	ֵ	200000	200000	200000	200000	200000	200000	200000	200000	200000	200000	0
Tng Sinh lc	1		8	85	420	480	-1	-1	0	0	ֵ	200000	200000	200000	200000	200000	200000	200000	200000	200000	200000	0
Tng Sinh lc	1		9	85	480	540	-1	-1	0	0	ֵ	200000	200000	200000	200000	200000	200000	200000	200000	200000	200000	0
Tng Sinh lc	1		10	85	540	600	-1	-1	0	0	ֵ	200000	200000	200000	200000	200000	200000	200000	200000	200000	200000	0
Tng Ni lc	1		1	89	205	220	-1	-1	0	0		100000	100000	100000	100000	100000	100000	100000	100000	100000	100000	0
Tng Ni lc	1		2	89	220	240	-1	-1	0	0		100000	100000	100000	100000	100000	100000	100000	100000	100000	100000	0
Tng Ni lc	1		3	89	240	260	-1	-1	0	0		100000	100000	100000	100000	100000	100000	100000	100000	100000	100000	0
Tng Ni lc	1		4	89	260	280	-1	-1	0	0		100000	100000	100000	100000	100000	100000	100000	100000	100000	100000	0
Tng Ni lc	1		5	89	280	300	-1	-1	0	0		100000	100000	100000	100000	100000	100000	100000	100000	100000	100000	0
Tng Ni lc	1		6	89	300	360	-1	-1	0	0		100000	100000	100000	100000	100000	100000	100000	100000	100000	100000	0
Tng Ni lc	1		7	89	360	420	-1	-1	0	0		100000	100000	100000	100000	100000	100000	100000	100000	100000	100000	0
Tng Ni lc	1		8	89	420	480	-1	-1	0	0		100000	100000	100000	100000	100000	100000	100000	100000	100000	100000	0
Tng Ni lc	1		9	89	480	540	-1	-1	0	0		100000	100000	100000	100000	100000	100000	100000	100000	100000	100000	0
Tng Ni lc	1		10	89	540	600	-1	-1	0	0		100000	100000	100000	100000	100000	100000	100000	100000	100000	100000	0
Tng th lc	1		1	93	5	20	-1	-1	0	0		500000	500000	500000	500000	500000	500000	500000	500000	500000	500000	0
Tng th lc	1		2	93	20	40	-1	-1	0	0		500000	500000	500000	500000	500000	500000	500000	500000	500000	500000	0
Tng th lc	1		3	93	40	60	-1	-1	0	0		500000	500000	500000	500000	500000	500000	500000	500000	500000	500000	0
Tng th lc	1		4	93	60	80	-1	-1	0	0		500000	500000	500000	500000	500000	500000	500000	500000	500000	500000	0
Tng th lc	1		5	93	80	100	-1	-1	0	0		500000	500000	500000	500000	500000	500000	500000	500000	500000	500000	0
Tng th lc	1		6	93	100	120	-1	-1	0	0		500000	500000	500000	500000	500000	500000	500000	500000	500000	500000	0
Tng th lc	1		7	93	120	140	-1	-1	0	0		500000	500000	500000	500000	500000	500000	500000	500000	500000	500000	0
Tng th lc	1		8	93	140	160	-1	-1	0	0		500000	500000	500000	500000	500000	500000	500000	500000	500000	500000	0
Tng th lc	1		9	93	160	180	-1	-1	0	0		500000	500000	500000	500000	500000	500000	500000	500000	500000	500000	0
Tng th lc	1		10	93	180	200	-1	-1	0	0		500000	500000	500000	500000	500000	500000	500000	500000	500000	500000	0
Tng tc  hi phc Sinh lc	1		1	88	3	3	-1	-1	0	0	ָٶ	0	0	100000	100000	100000	100000	100000	100000	100000	100000	0
Tng tc  hi phc Sinh lc	1		3	88	6	6	-1	-1	0	0	ָٶ	0	0	100000	100000	100000	100000	100000	100000	100000	100000	0
Tng tc  hi phc Sinh lc	1		5	88	6	9	-1	-1	0	0	ָٶ	0	0	100000	100000	100000	100000	100000	100000	100000	100000	0
Tng tc  hi phc Sinh lc	1		6	88	10	14	-1	-1	0	0	ָٶ	0	0	100000	100000	100000	100000	100000	100000	100000	100000	0
Tng tc  hi phc Sinh lc	1		8	88	12	15	-1	-1	0	0	ָٶ	0	0	100000	100000	100000	100000	100000	100000	100000	100000	0
Tng tc  hi phc Sinh lc	1		10	88	16	18	-1	-1	0	0	ָٶ	0	0	100000	100000	100000	100000	100000	100000	100000	100000	0
Tng tc  hi phc Ni lc	1		2	92	3	3	-1	-1	0	0	ָٶ	0	0	200000	200000	200000	200000	200000	200000	200000	200000	0
Tng tc  hi phc Ni lc	1		5	92	6	6	-1	-1	0	0	ָٶ	0	0	200000	200000	200000	200000	200000	200000	200000	200000	0
Tng tc  hi phc Ni lc	1		7	92	9	9	-1	-1	0	0	ָٶ	0	0	200000	200000	200000	200000	200000	200000	200000	200000	0
Tng tc  hi phc Ni lc	1		10	92	9	12	-1	-1	0	0	ָٶ	0	0	200000	200000	200000	200000	200000	200000	200000	200000	0
Tng tc  hi phc Th lc	1		1	96	1	1	-1	-1	0	0	ָٶ	0	0	0	300000	300000	0	0	0	0	0	0
Tng tc  hi phc Th lc	1		3	96	3	3	-1	-1	0	0	ָٶ	0	0	0	300000	300000	0	0	0	0	0	0
Tng tc  hi phc Th lc	1		5	96	5	5	-1	-1	0	0	ָٶ	0	0	0	300000	300000	0	0	0	0	0	0
Tng tc  hi phc Th lc	1		6	96	7	7	-1	-1	0	0	ָٶ	0	0	0	300000	300000	0	0	0	0	0	0
Tng tc  hi phc Th lc	1		7	96	9	9	-1	-1	0	0	ָٶ	0	0	0	300000	300000	0	0	0	0	0	0
tng sc mnh	0	0	1	97	12	12	-1	-1	0	0		0	0	0	10000	100000	0	0	0	0	10000	0
tng sc mnh	0	0	2	97	15	15	-1	-1	0	0		0	0	0	10000	100000	0	0	0	0	10000	0
tng sc mnh	0	0	3	97	15	18	-1	-1	0	0		0	0	0	10000	100000	0	0	0	0	10000	0
tng sc mnh	0	0	4	97	21	24	-1	-1	0	0		0	0	0	10000	100000	0	0	0	0	10000	0
tng sc mnh	0	0	5	97	24	30	-1	-1	0	0		0	0	0	10000	100000	0	0	0	0	10000	0
tng sc mnh	0	0	6	97	30	36	-1	-1	0	0		0	0	0	10000	100000	0	0	0	0	10000	0
tng sc mnh	0	0	7	97	36	42	-1	-1	0	0		0	0	0	10000	100000	0	0	0	0	10000	0
tng sc mnh	0	0	8	97	42	48	-1	-1	0	0		0	0	0	10000	100000	0	0	0	0	10000	0
tng sc mnh	0	0	9	97	48	54	-1	-1	0	0		0	0	0	10000	100000	0	0	0	0	10000	0
tng sc mnh	0	0	10	97	55	60	-1	-1	0	0		0	0	0	10000	100000	0	0	0	0	10000	0
tng st thng Vt l	0	0	1	121	41	50	-1	-1	0	0	˺	500000	500000	0	0	0	0	0	0	0	0	0
tng st thng Vt l	0	0	2	121	45	50	-1	-1	0	0	˺	500000	500000	0	0	0	0	0	0	0	0	0
tng st thng Vt l	0	0	3	121	50	55	-1	-1	0	0	˺	500000	500000	0	0	0	0	0	0	0	0	0
tng st thng Vt l	0	0	4	121	55	60	-1	-1	0	0	˺	500000	500000	0	0	0	0	0	0	0	0	0
tng st thng Vt l	0	0	5	121	60	75	-1	-1	0	0	˺	500000	500000	0	0	0	0	0	0	0	0	0
tng st thng Vt l	0	0	6	121	75	90	-1	-1	0	0	˺	500000	500000	0	0	0	0	0	0	0	0	0
tng st thng Vt l	0	0	7	121	90	105	-1	-1	0	0	˺	500000	500000	0	0	0	0	0	0	0	0	0
tng st thng Vt l	0	0	8	121	105	120	-1	-1	0	0	˺	500000	500000	0	0	0	0	0	0	0	0	0
tng st thng Vt l	0	0	9	121	120	135	-1	-1	0	0	˺	500000	500000	0	0	0	0	0	0	0	0	0
tng st thng Vt l	0	0	10	121	135	150	-1	-1	0	0	˺	500000	500000	0	0	0	0	0	0	0	0	0
Tng st c st	0	1	1	125	41	50	-1	-1	0	0	Ӷ˺	500000	500000	0	0	0	0	0	0	0	0	0
Tng st c st	0	1	2	125	45	50	-1	-1	0	0	Ӷ˺	500000	500000	0	0	0	0	0	0	0	0	0
Tng st c st	0	1	3	125	50	55	-1	-1	0	0	Ӷ˺	500000	500000	0	0	0	0	0	0	0	0	0
Tng st c st	0	1	4	125	55	60	-1	-1	0	0	Ӷ˺	500000	500000	0	0	0	0	0	0	0	0	0
Tng st c st	0	1	5	125	60	75	-1	-1	0	0	Ӷ˺	500000	500000	0	0	0	0	0	0	0	0	0
Tng st c st	0	1	6	125	75	90	-1	-1	0	0	Ӷ˺	500000	500000	0	0	0	0	0	0	0	0	0
Tng st c st	0	1	7	125	90	105	-1	-1	0	0	Ӷ˺	500000	500000	0	0	0	0	0	0	0	0	0
Tng st c st	0	1	8	125	105	120	-1	-1	0	0	Ӷ˺	500000	500000	0	0	0	0	0	0	0	0	0
Tng st c st	0	1	9	125	120	135	-1	-1	0	0	Ӷ˺	500000	500000	0	0	0	0	0	0	0	0	0
Tng st c st	0	1	10	125	135	150	-1	-1	0	0	Ӷ˺	500000	500000	0	0	0	0	0	0	0	0	0
Tng st Bng st	0	2	1	123	90	90	-1	-1	0	0	ӱ˺	500000	500000	0	0	0	0	0	0	0	0	0
Tng st Bng st	0	2	2	123	90	100	-1	-1	0	0	ӱ˺	500000	500000	0	0	0	0	0	0	0	0	0
Tng st Bng st	0	2	3	123	100	110	-1	-1	0	0	ӱ˺	500000	500000	0	0	0	0	0	0	0	0	0
Tng st Bng st	0	2	4	123	110	120	-1	-1	0	0	ӱ˺	500000	500000	0	0	0	0	0	0	0	0	0
Tng st Bng st	0	2	5	123	120	150	-1	-1	0	0	ӱ˺	500000	500000	0	0	0	0	0	0	0	0	0
Tng st Bng st	0	2	6	123	150	180	-1	-1	0	0	ӱ˺	500000	500000	0	0	0	0	0	0	0	0	0
Tng st Bng st	0	2	7	123	180	210	-1	-1	0	0	ӱ˺	500000	500000	0	0	0	0	0	0	0	0	0
Tng st Bng st	0	2	8	123	210	240	-1	-1	0	0	ӱ˺	500000	500000	0	0	0	0	0	0	0	0	0
Tng st Bng st	0	2	9	123	240	270	-1	-1	0	0	ӱ˺	500000	500000	0	0	0	0	0	0	0	0	0
Tng st Bng st	0	2	10	123	270	300	-1	-1	0	0	ӱ˺	500000	500000	0	0	0	0	0	0	0	0	0
Tng Ho st	0	3	1	122	90	90	-1	-1	0	0	ӻ˺	500000	500000	0	0	0	0	0	0	0	0	0
Tng Ho st	0	3	2	122	90	100	-1	-1	0	0	ӻ˺	500000	500000	0	0	0	0	0	0	0	0	0
Tng Ho st	0	3	3	122	100	110	-1	-1	0	0	ӻ˺	500000	500000	0	0	0	0	0	0	0	0	0
Tng Ho st	0	3	4	122	110	120	-1	-1	0	0	ӻ˺	500000	500000	0	0	0	0	0	0	0	0	0
Tng Ho st	0	3	5	122	120	150	-1	-1	0	0	ӻ˺	500000	500000	0	0	0	0	0	0	0	0	0
Tng Ho st	0	3	6	122	150	180	-1	-1	0	0	ӻ˺	500000	500000	0	0	0	0	0	0	0	0	0
Tng Ho st	0	3	7	122	180	210	-1	-1	0	0	ӻ˺	500000	500000	0	0	0	0	0	0	0	0	0
Tng Ho st	0	3	8	122	210	240	-1	-1	0	0	ӻ˺	500000	500000	0	0	0	0	0	0	0	0	0
Tng Ho st	0	3	9	122	240	270	-1	-1	0	0	ӻ˺	500000	500000	0	0	0	0	0	0	0	0	0
Tng Ho st	0	3	10	122	270	300	-1	-1	0	0	ӻ˺	500000	500000	0	0	0	0	0	0	0	0	0
Tng Li st	0	4	1	124	81	90	-1	-1	0	0	ӵ˺	500000	500000	0	0	0	0	0	0	0	0	0
Tng Li st	0	4	2	124	90	100	-1	-1	0	0	ӵ˺	500000	500000	0	0	0	0	0	0	0	0	0
Tng Li st	0	4	3	124	100	110	-1	-1	0	0	ӵ˺	500000	500000	0	0	0	0	0	0	0	0	0
Tng Li st	0	4	4	124	110	120	-1	-1	0	0	ӵ˺	500000	500000	0	0	0	0	0	0	0	0	0
Tng Li st	0	4	5	124	120	150	-1	-1	0	0	ӵ˺	500000	500000	0	0	0	0	0	0	0	0	0
Tng Li st	0	4	6	124	150	180	-1	-1	0	0	ӵ˺	500000	500000	0	0	0	0	0	0	0	0	0
Tng Li st	0	4	7	124	180	210	-1	-1	0	0	ӵ˺	500000	500000	0	0	0	0	0	0	0	0	0
Tng Li st	0	4	8	124	210	240	-1	-1	0	0	ӵ˺	500000	500000	0	0	0	0	0	0	0	0	0
Tng Li st	0	4	9	124	240	270	-1	-1	0	0	ӵ˺	500000	500000	0	0	0	0	0	0	0	0	0
Tng Li st	0	4	10	124	270	300	-1	-1	0	0	ӵ˺	500000	500000	0	0	0	0	0	0	0	0	0
Chuyn ha st thng vt l thnh Ni lc	0	0	3	134	2	4	-1	-1	0	0	˺գתΪߣ	0	0	500000	0	0	500000	500000	500000	500000	0	0
Chuyn ha st thng vt l thnh Ni lc	0	0	6	134	4	7	-1	-1	0	0	˺գתΪߣ	0	0	500000	0	0	500000	500000	500000	500000	0	0
Chuyn ha st thng vt l thnh Ni lc	0	0	10	134	7	10	-1	-1	0	0	˺գתΪߣ	0	0	500000	0	0	500000	500000	500000	500000	0	0
B qua st thng vt l	0	3	2	104	21	25	-1	-1	0	0	ٷֱ	0	0	600000	0	0	600000	600000	600000	600000	0	0
B qua st thng vt l	0	3	4	104	25	30	-1	-1	0	0	ٷֱ	0	0	600000	0	0	600000	600000	600000	600000	0	0
B qua st thng vt l	0	3	6	104	30	45	-1	-1	0	0	ٷֱ	0	0	600000	0	0	600000	600000	600000	600000	0	0
B qua st thng vt l	0	3	8	104	45	60	-1	-1	0	0	ٷֱ	0	0	600000	0	0	600000	600000	600000	600000	0	0
B qua st thng vt l	0	3	10	104	60	75	-1	-1	0	0	ٷֱ	0	0	600000	0	0	600000	600000	600000	600000	0	0
tng khng c	0	0	2	101	21	25	-1	-1	0	0	ӿ	1000000	1000000	1000000	1000000	1000000	1000000	1000000	1000000	1000000	1000000	0
tng khng c	0	0	4	101	25	30	-1	-1	0	0	ӿ	1000000	1000000	1000000	1000000	1000000	1000000	1000000	1000000	1000000	1000000	0
tng khng c	0	0	6	101	30	45	-1	-1	0	0	ӿ	1000000	1000000	1000000	1000000	1000000	1000000	1000000	1000000	1000000	1000000	0
tng khng c	0	0	8	101	45	60	-1	-1	0	0	ӿ	1000000	1000000	1000000	1000000	1000000	1000000	1000000	1000000	1000000	1000000	0
tng khng c	0	0	10	101	60	75	-1	-1	0	0	ӿ	1000000	1000000	1000000	1000000	1000000	1000000	1000000	1000000	1000000	1000000	0
Tng khng bng	0	4	2	105	21	25	-1	-1	0	0	ӿ	1000000	1000000	1000000	1000000	1000000	1000000	1000000	1000000	1000000	1000000	0
Tng khng bng	0	4	4	105	25	30	-1	-1	0	0	ӿ	1000000	1000000	1000000	1000000	1000000	1000000	1000000	1000000	1000000	1000000	0
Tng khng bng	0	4	6	105	30	45	-1	-1	0	0	ӿ	1000000	1000000	1000000	1000000	1000000	1000000	1000000	1000000	1000000	1000000	0
Tng khng bng	0	4	8	105	45	60	-1	-1	0	0	ӿ	1000000	1000000	1000000	1000000	1000000	1000000	1000000	1000000	1000000	1000000	0
Tng khng bng	0	4	10	105	60	75	-1	-1	0	0	ӿ	1000000	1000000	1000000	1000000	1000000	1000000	1000000	1000000	1000000	1000000	0
tng khng Ha	0	2	2	102	21	25	-1	-1	0	0	ӿ	1000000	1000000	1000000	1000000	1000000	1000000	1000000	1000000	1000000	1000000	0
tng khng Ha	0	2	4	102	25	30	-1	-1	0	0	ӿ	1000000	1000000	1000000	1000000	1000000	1000000	1000000	1000000	1000000	1000000	0
tng khng Ha	0	2	6	102	30	45	-1	-1	0	0	ӿ	1000000	1000000	1000000	1000000	1000000	1000000	1000000	1000000	1000000	1000000	0
tng khng Ha	0	2	8	102	45	60	-1	-1	0	0	ӿ	1000000	1000000	1000000	1000000	1000000	1000000	1000000	1000000	1000000	1000000	0
tng khng Ha	0	2	10	102	60	75	-1	-1	0	0	ӿ	1000000	1000000	1000000	1000000	1000000	1000000	1000000	1000000	1000000	1000000	0
Tng khng Li	0	1	1	103	21	25	-1	-1	0	0	ӿ	1000000	1000000	1000000	1000000	1000000	1000000	1000000	1000000	1000000	1000000	0
Tng khng Li	0	1	4	103	25	30	-1	-1	0	0	ӿ	1000000	1000000	1000000	1000000	1000000	1000000	1000000	1000000	1000000	1000000	0
Tng khng Li	0	1	7	103	30	45	-1	-1	0	0	ӿ	1000000	1000000	1000000	1000000	1000000	1000000	1000000	1000000	1000000	1000000	0
Tng khng Li	0	1	8	103	45	60	-1	-1	0	0	ӿ	1000000	1000000	1000000	1000000	1000000	1000000	1000000	1000000	1000000	1000000	0
Tng khng Li	0	1	10	103	60	90	-1	-1	0	0	ӿ	1000000	1000000	1000000	1000000	1000000	1000000	1000000	1000000	1000000	1000000	0
Chuyn ha st thng vt l thnh Ni lc	0	2	3	134	2	6	-1	-1	0	0	գתΪߣ	120000	120000	120000	120000	120000	120000	120000	120000	120000	120000	0
Chuyn ha st thng vt l thnh Ni lc	0	2	6	134	6	10	-1	-1	0	0	գתΪߣ	120000	120000	120000	120000	120000	120000	120000	120000	120000	120000	0
Chuyn ha st thng vt l thnh Ni lc	0	2	10	134	10	15	-1	-1	0	0	գתΪߣ	120000	120000	120000	120000	120000	120000	120000	120000	120000	120000	0
Tng th lc	0	2	1	99	11	16	-1	-1	0	0		100000	100000	100000	100000	100000	100000	100000	100000	100000	100000	0
Tng th lc	0	2	2	99	13	18	-1	-1	0	0		100000	100000	100000	100000	100000	100000	100000	100000	100000	100000	0
Tng th lc	0	2	3	99	15	20	-1	-1	0	0		100000	100000	100000	100000	100000	100000	100000	100000	100000	100000	0
Tng th lc	0	2	4	99	17	24	-1	-1	0	0		100000	100000	100000	100000	100000	100000	100000	100000	100000	100000	0
Tng th lc	0	2	5	99	24	30	-1	-1	0	0		100000	100000	100000	100000	100000	100000	100000	100000	100000	100000	0
Tng th lc	0	2	6	99	30	36	-1	-1	0	0		100000	100000	100000	100000	100000	100000	100000	100000	100000	100000	0
Tng th lc	0	2	7	99	36	42	-1	-1	0	0		100000	100000	100000	100000	100000	100000	100000	100000	100000	100000	0
Tng th lc	0	2	8	99	42	48	-1	-1	0	0		100000	100000	100000	100000	100000	100000	100000	100000	100000	100000	0
Tng th lc	0	2	9	99	48	54	-1	-1	0	0		100000	100000	100000	100000	100000	100000	100000	100000	100000	100000	0
Tng th lc	0	2	10	99	54	60	-1	-1	0	0		100000	100000	100000	100000	100000	100000	100000	100000	100000	100000	0
Chng chong	0	2	4	110	20	40	-1	-1	0	0	ѣ״̬	500000	500000	500000	500000	500000	500000	500000	500000	500000	500000	0
Chng chong	0	2	7	110	40	60	-1	-1	0	0	ѣ״̬	500000	500000	500000	500000	500000	500000	500000	500000	500000	500000	0
Chng chong	0	2	10	110	60	80	-1	-1	0	0	ѣ״̬	500000	500000	500000	500000	500000	500000	500000	500000	500000	500000	0
Chuyn ha st thng vt l thnh Ni lc	0	1	3	134	2	6	-1	-1	0	0		0	0	12000	12000	12000	12000	12000	12000	12000	12000	0
Chuyn ha st thng vt l thnh Ni lc	0	1	6	134	6	10	-1	-1	0	0		0	0	12000	12000	12000	12000	12000	12000	12000	12000	0
Chuyn ha st thng vt l thnh Ni lc	0	1	10	134	10	15	-1	-1	0	0		0	0	12000	12000	12000	12000	12000	12000	12000	12000	0
Tng May mn	0	1	1	135	1	1	-1	-1	0	0		0	0	0	100000	100000	0	0	0	0	100000	0
Tng May mn	0	1	2	135	2	2	-1	-1	0	0		0	0	0	100000	100000	0	0	0	0	100000	0
Tng May mn	0	1	3	135	3	3	-1	-1	0	0		0	0	0	100000	100000	0	0	0	0	100000	0
Tng May mn	0	1	4	135	4	4	-1	-1	0	0		0	0	0	100000	100000	0	0	0	0	100000	0
Tng May mn	0	1	5	135	5	5	-1	-1	0	0		0	0	0	100000	100000	0	0	0	0	100000	0
Tng May mn	0	1	6	135	6	6	-1	-1	0	0		0	0	0	100000	100000	0	0	0	0	100000	0
Tng May mn	0	1	7	135	7	7	-1	-1	0	0		0	0	0	100000	100000	0	0	0	0	100000	0
Tng May mn	0	1	8	135	8	8	-1	-1	0	0		0	0	0	100000	100000	0	0	0	0	100000	0
Tng May mn	0	1	9	135	9	9	-1	-1	0	0		0	0	0	100000	100000	0	0	0	0	100000	0
Tng May mn	0	1	10	135	10	10	-1	-1	0	0		0	0	0	100000	100000	0	0	0	0	100000	0
Chuyn ha st thng vt l thnh Ni lc	0	3	3	134	2	6	-1	-1	0	0		0	0	12000	0	0	12000	12000	12000	12000	0	0
Chuyn ha st thng vt l thnh Ni lc	0	3	6	134	6	10	-1	-1	0	0		0	0	12000	0	0	12000	12000	12000	12000	0	0
Chuyn ha st thng vt l thnh Ni lc	0	3	10	134	10	15	-1	-1	0	0		0	0	12000	0	0	12000	12000	12000	12000	0	0
Gim thi gian ng bng	0	3	3	106	20	40	-1	-1	0	0	ͱʱ	500000	500000	500000	500000	500000	500000	500000	500000	500000	500000	0
Gim thi gian ng bng	0	3	6	106	40	60	-1	-1	0	0	ͱʱ	500000	500000	500000	500000	500000	500000	500000	500000	500000	500000	0
Gim thi gian ng bng	0	3	10	106	60	80	-1	-1	0	0	ɶ	500000	500000	500000	500000	500000	500000	500000	500000	500000	500000	0
Tng thn php	0	3	1	98	21	22	-1	-1	0	0		0	0	100000	100000	100000	100000	100000	100000	100000	100000	0
Tng thn php	0	3	2	98	23	24	-1	-1	0	0		0	0	100000	100000	100000	100000	100000	100000	100000	100000	0
Tng thn php	0	3	3	98	25	26	-1	-1	0	0		0	0	100000	100000	100000	100000	100000	100000	100000	100000	0
Tng thn php	0	3	4	98	27	28	-1	-1	0	0		0	0	100000	100000	100000	100000	100000	100000	100000	100000	0
Tng thn php	0	3	5	98	29	30	-1	-1	0	0		0	0	100000	100000	100000	100000	100000	100000	100000	100000	0
Tng thn php	0	3	6	98	31	36	-1	-1	0	0		0	0	100000	100000	100000	100000	100000	100000	100000	100000	0
Tng thn php	0	3	7	98	36	42	-1	-1	0	0		0	0	100000	100000	100000	100000	100000	100000	100000	100000	0
Tng thn php	0	3	8	98	42	48	-1	-1	0	0		0	0	100000	100000	100000	100000	100000	100000	100000	100000	0
Tng thn php	0	3	9	98	48	54	-1	-1	0	0		0	0	100000	100000	100000	100000	100000	100000	100000	100000	0
Tng thn php	0	3	10	98	54	60	-1	-1	0	0		0	0	100000	100000	100000	100000	100000	100000	100000	100000	0
Chuyn ha st thng vt l thnh Ni lc	0	4	3	134	2	6	-1	-1	0	0		12000	12000	12000	12000	12000	12000	12000	12000	12000	12000	0
Chuyn ha st thng vt l thnh Ni lc	0	4	6	134	6	10	-1	-1	0	0		12000	12000	12000	12000	12000	12000	12000	12000	12000	12000	0
Chuyn ha st thng vt l thnh Ni lc	0	4	10	134	10	15	-1	-1	0	0		12000	12000	12000	12000	12000	12000	12000	12000	12000	12000	0
Gim thi gian trng c	0	4	4	108	20	40	-1	-1	0	0	жʱ	500000	500000	500000	500000	500000	500000	500000	500000	500000	500000	0
Gim thi gian trng c	0	4	6	108	40	60	-1	-1	0	0	жʱ	500000	500000	500000	500000	500000	500000	500000	500000	500000	500000	0
Gim thi gian trng c	0	4	10	108	60	80	-1	-1	0	0	жʱ	500000	500000	500000	500000	500000	500000	500000	500000	500000	500000	0
Tng K nng h Kim	0	0	1	140	201	220	-1	-1	0	0	ӽϵ˺	0	0	0	0	0	0	0	0	0	0	0
Tng K nng h Kim	0	0	2	140	220	240	-1	-1	0	0	ӽϵ˺	0	0	0	0	0	0	0	0	0	0	0
Tng K nng h Kim	0	0	3	140	240	260	-1	-1	0	0	ӽϵ˺	0	0	0	0	0	0	0	0	0	0	0
Tng K nng h Kim	0	0	4	140	260	280	-1	-1	0	0	ӽϵ˺	0	0	0	0	0	0	0	0	0	0	0
Tng K nng h Kim	0	0	5	140	280	300	-1	-1	0	0	ӽϵ˺	0	0	0	0	0	0	0	0	0	0	0
Tng K nng h Kim	0	0	6	140	300	360	-1	-1	0	0	ӽϵ˺	0	0	0	0	0	0	0	0	0	0	0
Tng K nng h Kim	0	0	7	140	360	420	-1	-1	0	0	ӽϵ˺	0	0	0	0	0	0	0	0	0	0	0
Tng K nng h Kim	0	0	8	140	420	480	-1	-1	0	0	ӽϵ˺	0	0	0	0	0	0	0	0	0	0	0
Tng K nng h Kim	0	0	9	140	480	540	-1	-1	0	0	ӽϵ˺	0	0	0	0	0	0	0	0	0	0	0
Tng K nng h Kim	0	0	10	140	540	600	-1	-1	0	0	ӽϵ˺	0	0	0	0	0	0	0	0	0	0	0
Tng K nng h Thy	0	2	1	141	201	220	-1	-1	0	0	ˮϵ˺	0	0	0	0	0	0	0	0	0	0	0
Tng K nng h Thy	0	2	2	141	220	240	-1	-1	0	0	ˮϵ˺	0	0	0	0	0	0	0	0	0	0	0
Tng K nng h Thy	0	2	3	141	240	260	-1	-1	0	0	ˮϵ˺	0	0	0	0	0	0	0	0	0	0	0
Tng K nng h Thy	0	2	4	141	260	280	-1	-1	0	0	ˮϵ˺	0	0	0	0	0	0	0	0	0	0	0
Tng K nng h Thy	0	2	5	141	280	300	-1	-1	0	0	ˮϵ˺	0	0	0	0	0	0	0	0	0	0	0
Tng K nng h Thy	0	2	6	141	300	360	-1	-1	0	0	ˮϵ˺	0	0	0	0	0	0	0	0	0	0	0
Tng K nng h Thy	0	2	7	141	360	420	-1	-1	0	0	ˮϵ˺	0	0	0	0	0	0	0	0	0	0	0
Tng K nng h Thy	0	2	8	141	420	480	-1	-1	0	0	ˮϵ˺	0	0	0	0	0	0	0	0	0	0	0
Tng K nng h Thy	0	2	9	141	480	540	-1	-1	0	0	ˮϵ˺	0	0	0	0	0	0	0	0	0	0	0
Tng K nng h Thy	0	2	10	141	540	600	-1	-1	0	0	ˮϵ˺	0	0	0	0	0	0	0	0	0	0	0
Tng K nng h Ha	0	3	1	142	201	220	-1	-1	0	0	ӻϵ˺	0	0	0	0	0	0	0	0	0	0	0
Tng K nng h Ha	0	3	2	142	220	240	-1	-1	0	0	ӻϵ˺	0	0	0	0	0	0	0	0	0	0	0
Tng K nng h Ha	0	3	3	142	240	260	-1	-1	0	0	ӻϵ˺	0	0	0	0	0	0	0	0	0	0	0
Tng K nng h Ha	0	3	4	142	260	280	-1	-1	0	0	ӻϵ˺	0	0	0	0	0	0	0	0	0	0	0
Tng K nng h Ha	0	3	5	142	280	300	-1	-1	0	0	ӻϵ˺	0	0	0	0	0	0	0	0	0	0	0
Tng K nng h Ha	0	3	6	142	300	360	-1	-1	0	0	ӻϵ˺	0	0	0	0	0	0	0	0	0	0	0
Tng K nng h Ha	0	3	7	142	360	420	-1	-1	0	0	ӻϵ˺	0	0	0	0	0	0	0	0	0	0	0
Tng K nng h Ha	0	3	8	142	420	480	-1	-1	0	0	ӻϵ˺	0	0	0	0	0	0	0	0	0	0	0
Tng K nng h Ha	0	3	9	142	480	540	-1	-1	0	0	ӻϵ˺	0	0	0	0	0	0	0	0	0	0	0
Tng K nng h Ha	0	3	10	142	540	600	-1	-1	0	0	ӻϵ˺	0	0	0	0	0	0	0	0	0	0	0
Tng K nng h Th	0	4	1	143	201	220	-1	-1	0	0	ϵ˺	0	0	0	0	0	0	0	0	0	0	0
Tng K nng h Th	0	4	2	143	220	240	-1	-1	0	0	ϵ˺	0	0	0	0	0	0	0	0	0	0	0
Tng K nng h Th	0	4	3	143	240	260	-1	-1	0	0	ϵ˺	0	0	0	0	0	0	0	0	0	0	0
Tng K nng h Th	0	4	4	143	260	280	-1	-1	0	0	ϵ˺	0	0	0	0	0	0	0	0	0	0	0
Tng K nng h Th	0	4	5	143	280	300	-1	-1	0	0	ϵ˺	0	0	0	0	0	0	0	0	0	0	0
Tng K nng h Th	0	4	6	143	300	360	-1	-1	0	0	ϵ˺	0	0	0	0	0	0	0	0	0	0	0
Tng K nng h Th	0	4	7	143	360	420	-1	-1	0	0	ϵ˺	0	0	0	0	0	0	0	0	0	0	0
Tng K nng h Th	0	4	8	143	420	480	-1	-1	0	0	ϵ˺	0	0	0	0	0	0	0	0	0	0	0
Tng K nng h Th	0	4	9	143	480	540	-1	-1	0	0	ϵ˺	0	0	0	0	0	0	0	0	0	0	0
Tng K nng h Th	0	4	10	143	540	600	-1	-1	0	0	ϵ˺	0	0	0	0	0	0	0	0	0	0	0
Tng K nng h Mc	0	1	1	144	41	45	-1	-1	0	0	ľϵ˺	0	0	0	0	0	0	0	0	0	0	0
Tng K nng h Mc	0	1	2	144	45	50	-1	-1	0	0	ľϵ˺	0	0	0	0	0	0	0	0	0	0	0
Tng K nng h Mc	0	1	3	144	50	55	-1	-1	0	0	ľϵ˺	0	0	0	0	0	0	0	0	0	0	0
Tng K nng h Mc	0	1	4	144	55	60	-1	-1	0	0	ľϵ˺	0	0	0	0	0	0	0	0	0	0	0
Tng K nng h Mc	0	1	5	144	60	75	-1	-1	0	0	ľϵ˺	0	0	0	0	0	0	0	0	0	0	0
Tng K nng h Mc	0	1	6	144	75	90	-1	-1	0	0	ľϵ˺	0	0	0	0	0	0	0	0	0	0	0
Tng K nng h Mc	0	1	7	144	90	105	-1	-1	0	0	ľϵ˺	0	0	0	0	0	0	0	0	0	0	0
Tng K nng h Mc	0	1	8	144	105	120	-1	-1	0	0	ľϵ˺	0	0	0	0	0	0	0	0	0	0	0
Tng K nng h Mc	0	1	9	144	120	135	-1	-1	0	0	ľϵ˺	0	0	0	0	0	0	0	0	0	0	0
Tng K nng h Mc	0	1	10	144	135	150	-1	-1	0	0	ľϵ˺	0	0	0	0	0	0	0	0	0	0	0
Tng St thng h Kim	0	0	1	168	201	220	-1	-1	0	0	ľϵ˺	150000	300000	0	0	0	0	0	0	0	0	0
Tng St thng h Kim	0	0	2	168	220	240	-1	-1	0	0	ľϵ˺	150000	300000	0	0	0	0	0	0	0	0	0
Tng St thng h Kim	0	0	3	168	240	260	-1	-1	0	0	ľϵ˺	150000	300000	0	0	0	0	0	0	0	0	0
Tng St thng h Kim	0	0	4	168	260	280	-1	-1	0	0	ľϵ˺	150000	300000	0	0	0	0	0	0	0	0	0
Tng St thng h Kim	0	0	5	168	280	300	-1	-1	0	0	ľϵ˺	150000	300000	0	0	0	0	0	0	0	0	0
Tng St thng h Kim	0	0	6	168	300	360	-1	-1	0	0	ľϵ˺	150000	300000	0	0	0	0	0	0	0	0	0
Tng St thng h Kim	0	0	7	168	360	420	-1	-1	0	0	ľϵ˺	150000	300000	0	0	0	0	0	0	0	0	0
Tng St thng h Kim	0	0	8	168	420	480	-1	-1	0	0	ľϵ˺	150000	300000	0	0	0	0	0	0	0	0	0
Tng St thng h Kim	0	0	9	168	480	540	-1	-1	0	0	ľϵ˺	150000	300000	0	0	0	0	0	0	0	0	0
Tng St thng h Kim	0	0	10	168	540	600	-1	-1	0	0	ľϵ˺	150000	300000	0	0	0	0	0	0	0	0	0
Tng St thng h Thy	0	2	1	169	201	220	-1	-1	0	0	ľϵ˺	300000	600000	0	0	0	0	0	0	0	0	0
Tng St thng h Thy	0	2	2	169	220	240	-1	-1	0	0	ľϵ˺	300000	600000	0	0	0	0	0	0	0	0	0
Tng St thng h Thy	0	2	3	169	240	260	-1	-1	0	0	ľϵ˺	300000	600000	0	0	0	0	0	0	0	0	0
Tng St thng h Thy	0	2	4	169	260	280	-1	-1	0	0	ľϵ˺	300000	600000	0	0	0	0	0	0	0	0	0
Tng St thng h Thy	0	2	5	169	280	300	-1	-1	0	0	ľϵ˺	300000	600000	0	0	0	0	0	0	0	0	0
Tng St thng h Thy	0	2	6	169	300	360	-1	-1	0	0	ľϵ˺	300000	600000	0	0	0	0	0	0	0	0	0
Tng St thng h Thy	0	2	7	169	360	420	-1	-1	0	0	ľϵ˺	300000	600000	0	0	0	0	0	0	0	0	0
Tng St thng h Thy	0	2	8	169	420	480	-1	-1	0	0	ľϵ˺	300000	600000	0	0	0	0	0	0	0	0	0
Tng St thng h Thy	0	2	9	169	480	540	-1	-1	0	0	ľϵ˺	300000	600000	0	0	0	0	0	0	0	0	0
Tng St thng h Thy	0	2	10	169	540	600	-1	-1	0	0	ľϵ˺	300000	600000	0	0	0	0	0	0	0	0	0
Tng St thng h Ha	0	3	1	170	201	220	-1	-1	0	0	ľϵ˺	240000	500000	0	0	0	0	0	0	0	0	0
Tng St thng h Ha	0	3	2	170	220	240	-1	-1	0	0	ľϵ˺	240000	500000	0	0	0	0	0	0	0	0	0
Tng St thng h Ha	0	3	3	170	240	260	-1	-1	0	0	ľϵ˺	240000	500000	0	0	0	0	0	0	0	0	0
Tng St thng h Ha	0	3	4	170	260	280	-1	-1	0	0	ľϵ˺	240000	500000	0	0	0	0	0	0	0	0	0
Tng St thng h Ha	0	3	5	170	280	300	-1	-1	0	0	ľϵ˺	240000	500000	0	0	0	0	0	0	0	0	0
Tng St thng h Ha	0	3	6	170	300	360	-1	-1	0	0	ľϵ˺	240000	500000	0	0	0	0	0	0	0	0	0
Tng St thng h Ha	0	3	7	170	360	420	-1	-1	0	0	ľϵ˺	240000	500000	0	0	0	0	0	0	0	0	0
Tng St thng h Ha	0	3	8	170	420	480	-1	-1	0	0	ľϵ˺	240000	500000	0	0	0	0	0	0	0	0	0
Tng St thng h Ha	0	3	9	170	480	540	-1	-1	0	0	ľϵ˺	240000	500000	0	0	0	0	0	0	0	0	0
Tng St thng h Ha	0	3	10	170	540	600	-1	-1	0	0	ľϵ˺	240000	500000	0	0	0	0	0	0	0	0	0
Tng St thng h Th	0	4	1	171	201	220	-1	-1	0	0	ľϵ˺	240000	500000	0	0	0	0	0	0	0	0	0
Tng St thng h Th	0	4	2	171	220	240	-1	-1	0	0	ľϵ˺	240000	500000	0	0	0	0	0	0	0	0	0
Tng St thng h Th	0	4	3	171	240	260	-1	-1	0	0	ľϵ˺	240000	500000	0	0	0	0	0	0	0	0	0
Tng St thng h Th	0	4	4	171	260	280	-1	-1	0	0	ľϵ˺	240000	500000	0	0	0	0	0	0	0	0	0
Tng St thng h Th	0	4	5	171	280	300	-1	-1	0	0	ľϵ˺	240000	500000	0	0	0	0	0	0	0	0	0
Tng St thng h Th	0	4	6	171	300	360	-1	-1	0	0	ľϵ˺	240000	500000	0	0	0	0	0	0	0	0	0
Tng St thng h Th	0	4	7	171	360	420	-1	-1	0	0	ľϵ˺	240000	500000	0	0	0	0	0	0	0	0	0
Tng St thng h Th	0	4	8	171	420	480	-1	-1	0	0	ľϵ˺	240000	500000	0	0	0	0	0	0	0	0	0
Tng St thng h Th	0	4	9	171	480	540	-1	-1	0	0	ľϵ˺	240000	500000	0	0	0	0	0	0	0	0	0
Tng St thng h Th	0	4	10	171	540	600	-1	-1	0	0	ľϵ˺	240000	500000	0	0	0	0	0	0	0	0	0
Tng st thng h Mc	0	1	1	172	41	45	-1	-1	0	0	ľϵ˺	120000	240000	0	0	0	0	0	0	0	0	0
Tng st thng h Mc	0	1	2	172	45	50	-1	-1	0	0	ľϵ˺	120000	240000	0	0	0	0	0	0	0	0	0
Tng st thng h Mc	0	1	3	172	50	55	-1	-1	0	0	ľϵ˺	120000	240000	0	0	0	0	0	0	0	0	0
Tng st thng h Mc	0	1	4	172	55	60	-1	-1	0	0	ľϵ˺	120000	240000	0	0	0	0	0	0	0	0	0
Tng st thng h Mc	0	1	5	172	60	75	-1	-1	0	0	ľϵ˺	120000	240000	0	0	0	0	0	0	0	0	0
Tng st thng h Mc	0	1	6	172	75	90	-1	-1	0	0	ľϵ˺	120000	240000	0	0	0	0	0	0	0	0	0
Tng st thng h Mc	0	1	7	172	90	105	-1	-1	0	0	ľϵ˺	120000	240000	0	0	0	0	0	0	0	0	0
Tng st thng h Mc	0	1	8	172	105	120	-1	-1	0	0	ľϵ˺	120000	240000	0	0	0	0	0	0	0	0	0
Tng st thng h Mc	0	1	9	172	120	135	-1	-1	0	0	ľϵ˺	120000	240000	0	0	0	0	0	0	0	0	0
Tng st thng h Mc	0	1	10	172	135	150	-1	-1	0	0	ľϵ˺	120000	240000	0	0	0	0	0	0	0	0	0
